x_abs_m,x_local_m,x_H2_molfrac,x_N2_molfrac,x_Air_molfrac,x_O2_molfrac,x_inert_molfrac
3482.1458438221166,0.0,0.9510022407384344,0.04899775926156562,1.0126867452481711e-20,2.1266421650211594e-21,0.04899775926156562
3483.1458438221166,1.0,0.9497429137902231,0.05025708620977681,1.0499266883267633e-20,2.204846045486203e-21,0.05025708620977681
3484.1458438221166,2.0,0.948483586842012,0.05151641315798802,1.0871666314053556e-20,2.2830499259512465e-21,0.05151641315798802
3485.1458438221166,3.0,0.947178913214404,0.05282108678559609,1.1270189472711042e-20,2.3667397892693186e-21,0.05282108678559609
3486.1458438221166,4.0,0.9456086599702498,0.054391340029750164,1.182171015452039e-20,2.482559132449282e-21,0.054391340029750164
3487.1458438221166,5.0,0.9440384067260957,0.05596159327390424,1.237323083632974e-20,2.5983784756292452e-21,0.05596159327390424
3488.1458438221166,6.0,0.9424681534819417,0.05753184651805831,1.2924751518139087e-20,2.714197818809208e-21,0.05753184651805831
3489.1458438221166,7.0,0.9408979002377876,0.05910209976221238,1.3476272199948437e-20,2.830017161989172e-21,0.05910209976221238
3490.1458438221166,8.0,0.9393276469936336,0.06067235300636646,1.4027792881757787e-20,2.945836505169135e-21,0.06067235300636646
3491.1458438221166,9.0,0.9377573937494794,0.062242606250520534,1.4579313563567136e-20,3.0616558483490985e-21,0.062242606250520534
3492.1458438221166,10.0,0.9361871405053254,0.0638128594946746,1.5130834245376483e-20,3.1774751915290614e-21,0.0638128594946746
3493.1458438221166,11.0,0.9346168872611713,0.06538311273882869,1.5682354927185832e-20,3.2932945347090247e-21,0.06538311273882869
3494.1458438221166,12.0,0.9330466340170173,0.06695336598298275,1.6233875608995182e-20,3.409113877888988e-21,0.06695336598298275
3495.1458438221166,13.0,0.9314241997381338,0.0685758002618661,1.6823602977602787e-20,3.532956625296585e-21,0.0685758002618661
3496.1458438221166,14.0,0.929496159417558,0.07050384058244194,1.7637093527204742e-20,3.703789640712996e-21,0.07050384058244194
3497.1458438221166,15.0,0.9275681190969822,0.07243188090301778,1.84505840768067e-20,3.874622656129407e-21,0.07243188090301778
3498.1458438221166,16.0,0.9256400787764064,0.07435992122359361,1.9264074626408658e-20,4.045455671545818e-21,0.07435992122359361
3499.1458438221166,17.0,0.9237120384558306,0.07628796154416945,2.0077565176010615e-20,4.216288686962229e-21,0.07628796154416945
3500.1458438221166,18.0,0.9217839981352547,0.07821600186474528,2.0891055725612573e-20,4.38712170237864e-21,0.07821600186474528
3501.1458438221166,19.0,0.9198559578146789,0.08014404218532112,2.1704546275214528e-20,4.557954717795051e-21,0.08014404218532112
3502.1458438221166,20.0,0.9179279174941031,0.08207208250589695,2.2518036824816486e-20,4.728787733211462e-21,0.08207208250589695
3503.1458438221166,21.0,0.9159998771735273,0.0840001228264728,2.3331527374418443e-20,4.899620748627873e-21,0.0840001228264728
3504.1458438221166,22.0,0.9140718368529515,0.08592816314704864,2.41450179240204e-20,5.070453764044284e-21,0.08592816314704864
3505.1458438221166,23.0,0.9120851433394679,0.0879148566605322,2.5014154487191288e-20,5.25297244231017e-21,0.0879148566605322
3506.1458438221166,24.0,0.9097549386210004,0.0902450613789996,2.620919025935633e-20,5.503929954464829e-21,0.0902450613789996
3507.1458438221166,25.0,0.9074247339025331,0.092575266097467,2.740422603152137e-20,5.754887466619487e-21,0.092575266097467
3508.1458438221166,26.0,0.9050945291840656,0.0949054708159344,2.859926180368641e-20,6.0058449787741455e-21,0.0949054708159344
3509.1458438221166,27.0,0.9027643244655983,0.0972356755344018,2.979429757585145e-20,6.2568024909288044e-21,0.0972356755344018
3510.1458438221166,28.0,0.9004341197471308,0.09956588025286918,3.098933334801649e-20,6.507760003083463e-21,0.09956588025286918
3511.1458438221166,29.0,0.8981039150286635,0.10189608497133658,3.218436912018153e-20,6.758717515238121e-21,0.10189608497133658
3512.1458438221166,30.0,0.895773710310196,0.10422628968980398,3.337940489234657e-20,7.00967502739278e-21,0.10422628968980398
3513.1458438221166,31.0,0.8934435055917287,0.10655649440827138,3.457444066451161e-20,7.260632539547439e-21,0.10655649440827138
3514.1458438221166,32.0,0.8911133008732612,0.10888669912673876,3.576947643667665e-20,7.511590051702096e-21,0.10888669912673876
3515.1458438221166,33.0,0.8887188325058565,0.11128116749414359,3.7045220476235566e-20,7.779496300009468e-21,0.11128116749414359
3516.1458438221166,34.0,0.8859479944578124,0.11405200554218763,3.87936445662777e-20,8.146665358918316e-21,0.11405200554218763
3517.1458438221166,35.0,0.8831771564097683,0.11682284359023165,4.054206865631983e-20,8.513834417827165e-21,0.11682284359023165
3518.1458438221166,36.0,0.8804063183617243,0.11959368163827569,4.2290492746361955e-20,8.88100347673601e-21,0.11959368163827569
3519.1458438221166,37.0,0.8776354803136802,0.12236451968631973,4.4038916836404087e-20,9.248172535644858e-21,0.12236451968631973
3520.1458438221166,38.0,0.8748646422656362,0.12513535773436377,4.578734092644622e-20,9.615341594553706e-21,0.12513535773436377
3521.1458438221166,39.0,0.8720938042175922,0.1279061957824078,4.753576501648835e-20,9.982510653462553e-21,0.1279061957824078
3522.1458438221166,40.0,0.8693229661695482,0.13067703383045184,4.928418910653048e-20,1.0349679712371401e-20,0.13067703383045184
3523.1458438221166,41.0,0.8665521281215041,0.13344787187849588,5.1032613196572613e-20,1.0716848771280248e-20,0.13344787187849588
3524.1458438221166,42.0,0.86378129007346,0.13621870992653992,5.278103728661474e-20,1.1084017830189094e-20,0.13621870992653992
3525.1458438221166,43.0,0.8609420050913926,0.1390579949086074,5.464603227425397e-20,1.1475666777593333e-20,0.1390579949086074
3526.1458438221166,44.0,0.8577018503933178,0.14229814960668213,5.719374217500316e-20,1.2010685856750664e-20,0.14229814960668213
3527.1458438221166,45.0,0.8544616956952431,0.1455383043047569,5.974145207575236e-20,1.2545704935907995e-20,0.1455383043047569
3528.1458438221166,46.0,0.8512215409971683,0.14877845900283165,6.228916197650156e-20,1.3080724015065327e-20,0.14877845900283165
3529.1458438221166,47.0,0.8479813862990936,0.1520186137009064,6.483687187725075e-20,1.3615743094222658e-20,0.1520186137009064
3530.1458438221166,48.0,0.8447412316010189,0.15525876839898117,6.738458177799996e-20,1.415076217337999e-20,0.15525876839898117
3531.1458438221166,49.0,0.8415010769029441,0.1584989230970559,6.993229167874915e-20,1.4685781252537322e-20,0.1584989230970559
3532.1458438221166,50.0,0.8382609222048694,0.16173907779513066,7.248000157949835e-20,1.5220800331694654e-20,0.16173907779513066
3533.1458438221166,51.0,0.8350207675067945,0.16497923249320542,7.502771148024755e-20,1.5755819410851983e-20,0.16497923249320542
3534.1458438221166,52.0,0.8317806128087198,0.16821938719128016,7.757542138099674e-20,1.6290838490009316e-20,0.16821938719128016
3535.1458438221166,53.0,0.8284698456408913,0.17153015435910865,8.029079894527123e-20,1.6861067778506958e-20,0.17153015435910865
3536.1458438221166,54.0,0.824745525972858,0.175254474027142,8.398814728179345e-20,1.7637510929176623e-20,0.175254474027142
3537.1458438221166,55.0,0.8210212063048247,0.17897879369517536,8.768549561831568e-20,1.841395407984629e-20,0.17897879369517536
3538.1458438221166,56.0,0.8172968866367913,0.1827031133632087,9.13828439548379e-20,1.919039723051596e-20,0.1827031133632087
3539.1458438221166,57.0,0.8135725669687579,0.18642743303124204,9.508019229136011e-20,1.9966840381185624e-20,0.18642743303124204
3540.1458438221166,58.0,0.8098482473007246,0.1901517526992754,9.877754062788233e-20,2.0743283531855288e-20,0.1901517526992754
3541.1458438221166,59.0,0.8061239276326913,0.19387607236730878,1.0247488896440456e-19,2.1519726682524956e-20,0.19387607236730878
3542.1458438221166,60.0,0.8023996079646579,0.1976003920353421,1.0617223730092678e-19,2.2296169833194624e-20,0.1976003920353421
3543.1458438221166,61.0,0.7986752882966246,0.20132471170337546,1.0986958563744902e-19,2.3072612983864292e-20,0.20132471170337546
3544.1458438221166,62.0,0.7949509686285913,0.20504903137140884,1.1356693397397123e-19,2.3849056134533957e-20,0.20504903137140884
3545.1458438221166,63.0,0.7911564483188883,0.20884355168111177,1.175044389044964e-19,2.4675932169944243e-20,0.20884355168111177
3546.1458438221166,64.0,0.7869507874418082,0.21304921255819176,1.2284845688062073e-19,2.5798175944930352e-20,0.21304921255819176
3547.1458438221166,65.0,0.7827451265647283,0.21725487343527178,1.2819247485674508e-19,2.6920419719916467e-20,0.21725487343527178
3548.1458438221166,66.0,0.7785394656876482,0.22146053431235177,1.335364928328694e-19,2.804266349490257e-20,0.22146053431235177
3549.1458438221166,67.0,0.7743338048105681,0.22566619518943182,1.3888051080899374e-19,2.916490726988868e-20,0.22566619518943182
3550.1458438221166,68.0,0.7701281439334882,0.22987185606651184,1.4422452878511807e-19,3.0287151044874795e-20,0.22987185606651184
3551.1458438221166,69.0,0.7659224830564082,0.23407751694359186,1.4956854676124242e-19,3.1409394819860907e-20,0.23407751694359186
3552.1458438221166,70.0,0.7617168221793281,0.23828317782067188,1.5491256473736675e-19,3.253163859484702e-20,0.23828317782067188
3553.1458438221166,71.0,0.7575111613022482,0.2424888386977519,1.602565827134911e-19,3.365388236983313e-20,0.2424888386977519
3554.1458438221166,72.0,0.7533055004251682,0.24669449957483192,1.6560060068961543e-19,3.477612614481924e-20,0.24669449957483192
3555.1458438221166,73.0,0.7490330892720019,0.25096691072799815,1.7128716934340593e-19,3.597030556211524e-20,0.25096691072799815
3556.1458438221166,74.0,0.7443697451340369,0.25563025486596314,1.7897993732275172e-19,3.758578683777786e-20,0.25563025486596314
3557.1458438221166,75.0,0.739706400996072,0.2602935990039281,1.8667270530209755e-19,3.9201268113440483e-20,0.2602935990039281
3558.1458438221166,76.0,0.735043056858107,0.2649569431418931,1.9436547328144332e-19,4.0816749389103095e-20,0.2649569431418931
3559.1458438221166,77.0,0.730379712720142,0.2696202872798581,2.020582412607891e-19,4.2432230664765706e-20,0.2696202872798581
3560.1458438221166,78.0,0.725716368582177,0.2742836314178231,2.097510092401349e-19,4.4047711940428323e-20,0.2742836314178231
3561.1458438221166,79.0,0.721053024444212,0.27894697555578807,2.174437772194807e-19,4.566319321609094e-20,0.27894697555578807
3562.1458438221166,80.0,0.7163896803062471,0.283610319693753,2.2513654519882644e-19,4.727867449175355e-20,0.283610319693753
3563.1458438221166,81.0,0.7117263361682821,0.288273663831718,2.3282931317817224e-19,4.889415576741617e-20,0.288273663831718
3564.1458438221166,82.0,0.7070629920303171,0.29293700796968297,2.40522081157518e-19,5.0509637043078775e-20,0.29293700796968297
3565.1458438221166,83.0,0.7023396773682298,0.2976603226317702,2.4870141259885224e-19,5.222729664575897e-20,0.2976603226317702
3566.1458438221166,84.0,0.6972651363536888,0.3027348636463112,2.5973037579666545e-19,5.454337891729974e-20,0.3027348636463112
3567.1458438221166,85.0,0.6921905953391478,0.30780940466085216,2.7075933899447866e-19,5.685946118884052e-20,0.30780940466085216
3568.1458438221166,86.0,0.6871160543246069,0.3128839456753931,2.8178830219229187e-19,5.917554346038129e-20,0.3128839456753931
3569.1458438221166,87.0,0.6820415133100658,0.31795848668993415,2.928172653901051e-19,6.149162573192207e-20,0.31795848668993415
3570.1458438221166,88.0,0.6769669722955248,0.3230330277044751,3.0384622858791833e-19,6.380770800346285e-20,0.3230330277044751
3571.1458438221166,89.0,0.6718924312809839,0.3281075687190161,3.1487519178573154e-19,6.612379027500362e-20,0.3281075687190161
3572.1458438221166,90.0,0.6668178902664429,0.3331821097335571,3.2590415498354475e-19,6.843987254654439e-20,0.3331821097335571
3573.1458438221166,91.0,0.6617433492519019,0.3382566507480981,3.3693311818135796e-19,7.075595481808517e-20,0.3382566507480981
3574.1458438221166,92.0,0.656668808237361,0.3433311917626391,3.479620813791712e-19,7.307203708962595e-20,0.3433311917626391
3575.1458438221166,93.0,0.6515444598992207,0.3484555401007792,3.5967928147832463e-19,7.553264911044817e-20,0.3484555401007792
3576.1458438221166,94.0,0.6461284075139797,0.35387159248602024,3.754272440231928e-19,7.883972124487048e-20,0.35387159248602024
3577.1458438221166,95.0,0.6407123551287387,0.35928764487126125,3.9117520656806087e-19,8.214679337929278e-20,0.35928764487126125
3578.1458438221166,96.0,0.6352963027434977,0.3647036972565023,4.06923169112929e-19,8.545386551371509e-20,0.3647036972565023
3579.1458438221166,97.0,0.6298802503582567,0.3701197496417433,4.226711316577971e-19,8.876093764813739e-20,0.3701197496417433
3580.1458438221166,98.0,0.6244641979730157,0.37553580202698433,4.384190942026653e-19,9.20680097825597e-20,0.37553580202698433
3581.1458438221166,99.0,0.6190481455877747,0.3809518544122254,4.541670567475334e-19,9.537508191698202e-20,0.3809518544122254
3582.1458438221166,100.0,0.6136320932025336,0.3863679067974664,4.699150192924015e-19,9.868215405140431e-20,0.3863679067974664
3583.1458438221166,101.0,0.6082160408172926,0.3917839591827074,4.856629818372696e-19,1.0198922618582661e-19,0.3917839591827074
3584.1458438221166,102.0,0.6027999884320516,0.3972000115679485,5.014109443821377e-19,1.0529629832024892e-19,0.3972000115679485
3585.1458438221166,103.0,0.5973474431789354,0.40265255682106454,5.181283447893994e-19,1.0880695240577386e-19,0.40265255682106454
3586.1458438221166,104.0,0.5916811719819166,0.4083188280180835,5.405234031681831e-19,1.1350991466531843e-19,0.4083188280180835
3587.1458438221166,105.0,0.5860149007848977,0.41398509921510235,5.629184615469666e-19,1.1821287692486298e-19,0.41398509921510235
3588.1458438221166,106.0,0.5803486295878789,0.4196513704121212,5.853135199257502e-19,1.2291583918440755e-19,0.4196513704121212
3589.1458438221166,107.0,0.57468235839086,0.42531764160914004,6.077085783045339e-19,1.2761880144395212e-19,0.42531764160914004
3590.1458438221166,108.0,0.5690160871938412,0.4309839128061589,6.301036366833174e-19,1.3232176370349666e-19,0.4309839128061589
3591.1458438221166,109.0,0.5633498159968223,0.43665018400317773,6.524986950621011e-19,1.3702472596304123e-19,0.43665018400317773
3592.1458438221166,110.0,0.5576835447998034,0.4423164552001966,6.748937534408847e-19,1.4172768822258578e-19,0.4423164552001966
3593.1458438221166,111.0,0.5520172736027846,0.4479827263972154,6.972888118196682e-19,1.4643065048213032e-19,0.4479827263972154
3594.1458438221166,112.0,0.5463510024057657,0.45364899759423427,7.196838701984518e-19,1.5113361274167487e-19,0.45364899759423427
3595.1458438221166,113.0,0.5406641646109706,0.4593358353890294,7.434387621258523e-19,1.5612214004642898e-19,0.4593358353890294
3596.1458438221166,114.0,0.5348568754573607,0.46514312454263934,7.751577228056168e-19,1.6278312178917953e-19,0.46514312454263934
3597.1458438221166,115.0,0.5290495863037508,0.47095041369624924,8.068766834853813e-19,1.6944410353193008e-19,0.47095041369624924
3598.1458438221166,116.0,0.5232422971501408,0.47675770284985913,8.38595644165146e-19,1.7610508527468065e-19,0.47675770284985913
3599.1458438221166,117.0,0.517435007996531,0.48256499200346903,8.703146048449106e-19,1.8276606701743122e-19,0.48256499200346903
3600.1458438221166,118.0,0.511627718842921,0.4883722811570789,9.02033565524675e-19,1.8942704876018176e-19,0.4883722811570789
3601.1458438221166,119.0,0.5058204296893111,0.4941795703106889,9.337525262044396e-19,1.960880305029323e-19,0.4941795703106889
3602.1458438221166,120.0,0.5000131405357012,0.49998685946429877,9.654714868842041e-19,2.0274901224568285e-19,0.49998685946429877
3603.1458438221166,121.0,0.4942058513820913,0.5057941486179087,9.971904475639686e-19,2.094099939884334e-19,0.5057941486179087
3604.1458438221166,122.0,0.4883985622284814,0.5116014377715186,1.0289094082437331e-18,2.1607097573118394e-19,0.5116014377715186
3605.1458438221166,123.0,0.4825884144007739,0.5174115855992261,1.0625278547405782e-18,2.231308494955214e-19,0.5174115855992261
3606.1458438221166,124.0,0.47676152432025415,0.5232384756797458,1.1072709242890879e-18,2.3252689410070844e-19,0.5232384756797458
3607.1458438221166,125.0,0.47093463423973436,0.5290653657602656,1.1520139938375974e-18,2.4192293870589543e-19,0.5290653657602656
3608.1458438221166,126.0,0.4651077441592146,0.5348922558407854,1.1967570633861068e-18,2.513189833110824e-19,0.5348922558407854
3609.1458438221166,127.0,0.4592808540786948,0.5407191459213052,1.2415001329346163e-18,2.607150279162694e-19,0.5407191459213052
3610.1458438221166,128.0,0.453453963998175,0.5465460360018249,1.2862432024831257e-18,2.701110725214564e-19,0.5465460360018249
3611.1458438221166,129.0,0.44762707391765527,0.5523729260823448,1.3309862720316352e-18,2.7950711712664337e-19,0.5523729260823448
3612.1458438221166,130.0,0.4418001838371355,0.5581998161628645,1.3757293415801447e-18,2.8890316173183036e-19,0.5581998161628645
3613.1458438221166,131.0,0.4359732937566157,0.5640267062433844,1.4204724111286541e-18,2.9829920633701734e-19,0.5640267062433844
3614.1458438221166,132.0,0.4301464036760959,0.5698535963239041,1.4652154806771636e-18,3.0769525094220433e-19,0.5698535963239041
3615.1458438221166,133.0,0.4243350818154773,0.5756649181845227,1.5126007914883911e-18,3.176461662125621e-19,0.5756649181845227
3616.1458438221166,134.0,0.4186149375653617,0.5813850624346383,1.5754607838134137e-18,3.3084676460081686e-19,0.5813850624346383
3617.1458438221166,135.0,0.41289479331524614,0.5871052066847539,1.6383207761384362e-18,3.440473629890716e-19,0.5871052066847539
3618.1458438221166,136.0,0.40717464906513057,0.5928253509348694,1.7011807684634586e-18,3.572479613773263e-19,0.5928253509348694
3619.1458438221166,137.0,0.401454504815015,0.598545495184985,1.764040760788481e-18,3.7044855976558104e-19,0.598545495184985
3620.1458438221166,138.0,0.3957343605648994,0.6042656394351006,1.8269007531135037e-18,3.836491581538358e-19,0.6042656394351006
3621.1458438221166,139.0,0.39001421631478383,0.6099857836852162,1.8897607454385263e-18,3.968497565420905e-19,0.6099857836852162
3622.1458438221166,140.0,0.3842940720646682,0.6157059279353317,1.952620737763549e-18,4.1005035493034526e-19,0.6157059279353317
3623.1458438221166,141.0,0.3785739278145526,0.6214260721854473,2.015480730088571e-18,4.232509533185999e-19,0.6214260721854473
3624.1458438221166,142.0,0.37285378356443705,0.6271462164355629,2.0783407224135935e-18,4.364515517068546e-19,0.6271462164355629
3625.1458438221166,143.0,0.3671671553675824,0.6328328446324176,2.1448608544808643e-18,4.504207794409815e-19,0.6328328446324176
3626.1458438221166,144.0,0.3616768189541957,0.6383231810458043,2.2328171428925464e-18,4.688916000074348e-19,0.6383231810458043
3627.1458438221166,145.0,0.356186482540809,0.643813517459191,2.3207734313042285e-18,4.87362420573888e-19,0.643813517459191
3628.1458438221166,146.0,0.3506961461274222,0.6493038538725777,2.40872971971591e-18,5.058332411403411e-19,0.6493038538725777
3629.1458438221166,147.0,0.3452058097140355,0.6547941902859645,2.496686008127592e-18,5.243040617067943e-19,0.6547941902859645
3630.1458438221166,148.0,0.33971547330064883,0.6602845266993512,2.5846422965392742e-18,5.427748822732476e-19,0.6602845266993512
3631.1458438221166,149.0,0.33422513688726213,0.6657748631127379,2.6725985849509563e-18,5.612457028397008e-19,0.6657748631127379
3632.1458438221166,150.0,0.32873480047387543,0.6712651995261246,2.760554873362638e-18,5.797165234061539e-19,0.6712651995261246
3633.1458438221166,151.0,0.32324446406048873,0.6767555359395113,2.84851116177432e-18,5.981873439726072e-19,0.6767555359395113
3634.1458438221166,152.0,0.31775412764710204,0.682245872352898,2.936467450186002e-18,6.166581645390604e-19,0.682245872352898
3635.1458438221166,153.0,0.312313568482319,0.687686431517681,3.0294728595675957e-18,6.361893005091951e-19,0.687686431517681
3636.1458438221166,154.0,0.30716453722592335,0.6928354627740767,3.1520492017918766e-18,6.619303323762941e-19,0.6928354627740767
3637.1458438221166,155.0,0.3020155059695277,0.6979844940304724,3.2746255440161576e-18,6.876713642433931e-19,0.6979844940304724
3638.1458438221166,156.0,0.29686647471313204,0.703133525286868,3.3972018862404386e-18,7.134123961104921e-19,0.703133525286868
3639.1458438221166,157.0,0.2917174434567364,0.7082825565432637,3.5197782284647195e-18,7.391534279775911e-19,0.7082825565432637
3640.1458438221166,158.0,0.28656841220034074,0.7134315877996593,3.6423545706890005e-18,7.6489445984469005e-19,0.7134315877996593
3641.1458438221166,159.0,0.2814193809439451,0.718580619056055,3.7649309129132815e-18,7.90635491711789e-19,0.718580619056055
3642.1458438221166,160.0,0.27627034968754943,0.7237296503124506,3.8875072551375624e-18,8.16376523578888e-19,0.7237296503124506
3643.1458438221166,161.0,0.2711213184311538,0.7288786815688463,4.0100835973618434e-18,8.42117555445987e-19,0.7288786815688463
3644.1458438221166,162.0,0.2659722871747581,0.7340277128252419,4.132659939586124e-18,8.67858587313086e-19,0.7340277128252419
3645.1458438221166,163.0,0.26088652783672833,0.7391134721632717,4.2621726619059985e-18,8.950562590002596e-19,0.7391134721632717
3646.1458438221166,164.0,0.25617132996077746,0.7438286700392226,4.432309332671635e-18,9.307849598610433e-19,0.7438286700392226
3647.1458438221166,165.0,0.25145613208482664,0.7485438679151734,4.602446003437271e-18,9.665136607218269e-19,0.7485438679151734
3648.1458438221166,166.0,0.24674093420887583,0.7532590657911242,4.772582674202908e-18,1.0022423615826106e-18,0.7532590657911242
3649.1458438221166,167.0,0.242025736332925,0.757974263667075,4.942719344968543e-18,1.037971062443394e-18,0.757974263667075
3650.1458438221166,168.0,0.23731053845697417,0.7626894615430259,5.11285601573418e-18,1.073699763304178e-18,0.7626894615430259
3651.1458438221166,169.0,0.23259534058102335,0.7674046594189766,5.282992686499816e-18,1.1094284641649613e-18,0.7674046594189766
3652.1458438221166,170.0,0.2278801427050725,0.7721198572949275,5.453129357265453e-18,1.1451571650257452e-18,0.7721198572949275
3653.1458438221166,171.0,0.2231649448291217,0.7768350551708783,5.623266028031089e-18,1.1808858658865286e-18,0.7768350551708783
3654.1458438221166,172.0,0.21844974695317088,0.7815502530468291,5.793402698796726e-18,1.2166145667473123e-18,0.7815502530468291
3655.1458438221166,173.0,0.21380772418468288,0.7861922758153171,5.973029182928928e-18,1.2543361284150748e-18,0.7861922758153171
3656.1458438221166,174.0,0.20959426238778464,0.7904057376122153,6.2082341797219624e-18,1.303729177741612e-18,0.7904057376122153
3657.1458438221166,175.0,0.20538080059088643,0.7946191994091135,6.443439176514998e-18,1.3531222270681494e-18,0.7946191994091135
3658.1458438221166,176.0,0.2011673387939882,0.7988326612060118,6.678644173308033e-18,1.4025152763946868e-18,0.7988326612060118
3659.1458438221166,177.0,0.19695387699708997,0.80304612300291,6.9138491701010694e-18,1.4519083257212245e-18,0.80304612300291
3660.1458438221166,178.0,0.19274041520019175,0.8072595847998082,7.149054166894104e-18,1.5013013750477619e-18,0.8072595847998082
3661.1458438221166,179.0,0.18852695340329353,0.8114730465967065,7.38425916368714e-18,1.5506944243742995e-18,0.8114730465967065
3662.1458438221166,180.0,0.1843134916063953,0.8156865083936047,7.619464160480175e-18,1.6000874737008367e-18,0.8156865083936047
3663.1458438221166,181.0,0.18010002980949708,0.819899970190503,7.854669157273211e-18,1.6494805230273743e-18,0.819899970190503
3664.1458438221166,182.0,0.17588656801259886,0.8241134319874012,8.089874154066247e-18,1.698873572353912e-18,0.8241134319874012
3665.1458438221166,183.0,0.17175211865265888,0.8282478813473412,8.338009261894145e-18,1.7509819449977705e-18,0.8282478813473412
3666.1458438221166,184.0,0.16808041745838026,0.8319195825416198,8.661871500709567e-18,1.818993015149009e-18,0.8319195825416198
3667.1458438221166,185.0,0.16440871626410164,0.8355912837358984,8.985733739524992e-18,1.887004085300248e-18,0.8355912837358984
3668.1458438221166,186.0,0.16073701506982305,0.839262984930177,9.309595978340416e-18,1.9550151554514875e-18,0.839262984930177
3669.1458438221166,187.0,0.15706531387554443,0.8429346861244555,9.63345821715584e-18,2.0230262256027264e-18,0.8429346861244555
3670.1458438221166,188.0,0.15339361268126583,0.8466063873187342,9.957320455971265e-18,2.0910372957539654e-18,0.8466063873187342
3671.1458438221166,189.0,0.1497219114869872,0.8502780885130128,1.0281182694786689e-17,2.159048365905205e-18,0.8502780885130128
3672.1458438221166,190.0,0.1460502102927086,0.8539497897072914,1.0605044933602114e-17,2.2270594360564438e-18,0.8539497897072914
3673.1458438221166,191.0,0.14237850909843,0.85762149090157,1.0928907172417538e-17,2.2950705062076828e-18,0.85762149090157
3674.1458438221166,192.0,0.13870680790415138,0.8612931920958486,1.1252769411232962e-17,2.363081576358922e-18,0.8612931920958486
3675.1458438221166,193.0,0.1351158137580338,0.8648841862419663,1.159417785752041e-17,2.434777350079286e-18,0.8648841862419663
3676.1458438221166,194.0,0.13199749252177967,0.8680025074782204,1.2038348294635755e-17,2.5280531418735083e-18,0.8680025074782204
3677.1458438221166,195.0,0.12887917128552556,0.8711208287144745,1.2482518731751101e-17,2.621328933667731e-18,0.8711208287144745
3678.1458438221166,196.0,0.12576085004927143,0.8742391499507286,1.2926689168866448e-17,2.714604725461954e-18,0.8742391499507286
3679.1458438221166,197.0,0.12264252881301732,0.8773574711869827,1.3370859605981795e-17,2.807880517256177e-18,0.8773574711869827
3680.1458438221166,198.0,0.1195242075767632,0.8804757924232368,1.3815030043097141e-17,2.9011563090503997e-18,0.8804757924232368
3681.1458438221166,199.0,0.11640588634050908,0.8835941136594909,1.4259200480212487e-17,2.9944321008446222e-18,0.8835941136594909
3682.1458438221166,200.0,0.11328756510425496,0.886712434895745,1.4703370917327835e-17,3.087707892638845e-18,0.886712434895745
3683.1458438221166,201.0,0.11016924386800084,0.8898307561319991,1.514754135444318e-17,3.1809836844330675e-18,0.8898307561319991
3684.1458438221166,202.0,0.10705092263174672,0.8929490773682534,1.5591711791558525e-17,3.27425947622729e-18,0.8929490773682534
3685.1458438221166,203.0,0.1040111707666837,0.8959888292333164,1.60595972340186e-17,3.3725154191439055e-18,0.8959888292333164
3686.1458438221166,204.0,0.10143157218628732,0.8985684278137127,1.6666373155552516e-17,3.4999383626660285e-18,0.8985684278137127
3687.1458438221166,205.0,0.09885197360589093,0.9011480263941091,1.727314907708643e-17,3.627361306188151e-18,0.9011480263941091
3688.1458438221166,206.0,0.09627237502549454,0.9037276249745054,1.7879924998620345e-17,3.754784249710272e-18,0.9037276249745054
3689.1458438221166,207.0,0.09369277644509816,0.9063072235549018,1.8486700920154263e-17,3.882207193232395e-18,0.9063072235549018
3690.1458438221166,208.0,0.09111317786470177,0.9088868221352983,1.9093476841688178e-17,4.0096301367545174e-18,0.9088868221352983
3691.1458438221166,209.0,0.08853357928430539,0.9114664207156946,1.9700252763222092e-17,4.13705308027664e-18,0.9114664207156946
3692.1458438221166,210.0,0.085953980703909,0.914046019296091,2.030702868475601e-17,4.264476023798762e-18,0.914046019296091
3693.1458438221166,211.0,0.08337438212351261,0.9166256178764873,2.0913804606289928e-17,4.391898967320885e-18,0.9166256178764873
3694.1458438221166,212.0,0.08079478354311624,0.9192052164568838,2.1520580527823846e-17,4.519321910843007e-18,0.9192052164568838
3695.1458438221166,213.0,0.0782884171745466,0.9217115828254534,2.215928302915917e-17,4.653449436123426e-18,0.9217115828254534
3696.1458438221166,214.0,0.07621094621782296,0.923789053782177,2.2984968324693777e-17,4.826843348185693e-18,0.923789053782177
3697.1458438221166,215.0,0.07413347526109931,0.9258665247389006,2.3810653620228386e-17,5.000237260247961e-18,0.9258665247389006
3698.1458438221166,216.0,0.07205600430437568,0.9279439956956244,2.4636338915762995e-17,5.173631172310229e-18,0.9279439956956244
3699.1458438221166,217.0,0.06997853334765204,0.930021466652348,2.54620242112976e-17,5.347025084372496e-18,0.930021466652348
3700.1458438221166,218.0,0.06790106239092839,0.9320989376090716,2.6287709506832204e-17,5.520418996434763e-18,0.9320989376090716
3701.1458438221166,219.0,0.06582359143420474,0.9341764085657953,2.7113394802366813e-17,5.69381290849703e-18,0.9341764085657953
3702.1458438221166,220.0,0.0637461204774811,0.9362538795225189,2.7939080097901426e-17,5.867206820559299e-18,0.9362538795225189
3703.1458438221166,221.0,0.06166864952075745,0.9383313504792425,2.876476539343603e-17,6.040600732621566e-18,0.9383313504792425
3704.1458438221166,222.0,0.05959117856403381,0.9404088214359662,2.959045068897064e-17,6.213994644683834e-18,0.9404088214359662
3705.1458438221166,223.0,0.05757925196103665,0.9424207480389634,3.045895247043588e-17,6.396380018791535e-18,0.9424207480389634
3706.1458438221166,224.0,0.055951195678004745,0.9440488043219952,3.1578215411627664e-17,6.6314252364418095e-18,0.9440488043219952
3707.1458438221166,225.0,0.05432313939497284,0.9456768606050272,3.269747835281945e-17,6.866470454092085e-18,0.9456768606050272
3708.1458438221166,226.0,0.052695083111940925,0.9473049168880591,3.3816741294011236e-17,7.101515671742359e-18,0.9473049168880591
3709.1458438221166,227.0,0.05106702682890901,0.9489329731710909,3.493600423520302e-17,7.336560889392634e-18,0.9489329731710909
3710.1458438221166,228.0,0.04943897054587711,0.9505610294541229,3.6055267176394807e-17,7.57160610704291e-18,0.9505610294541229
3711.1458438221166,229.0,0.0478109142628452,0.9521890857371548,3.7174530117586583e-17,7.806651324693182e-18,0.9521890857371548
3712.1458438221166,230.0,0.046182857979813294,0.9538171420201867,3.829379305877838e-17,8.041696542343459e-18,0.9538171420201867
3713.1458438221166,231.0,0.04455480169678138,0.9554451983032186,3.9413055999970154e-17,8.276741759993731e-18,0.9554451983032186
3714.1458438221166,232.0,0.04292674541374947,0.9570732545862505,4.0532318941161943e-17,8.511786977644008e-18,0.9570732545862505
3715.1458438221166,233.0,0.0413551327137415,0.9586448672862585,4.170878929656616e-17,8.758845752278893e-18,0.9586448672862585
3716.1458438221166,234.0,0.04011409030764165,0.9598859096923583,4.3220303437583863e-17,9.07626372189261e-18,0.9598859096923583
3717.1458438221166,235.0,0.0388730479015418,0.9611269520984582,4.4731817578601565e-17,9.393681691506328e-18,0.9611269520984582
3718.1458438221166,236.0,0.037632005495441954,0.962367994504558,4.624333171961926e-17,9.711099661120045e-18,0.962367994504558
3719.1458438221166,237.0,0.03639096308934211,0.9636090369106579,4.7754845860636964e-17,1.0028517630733763e-17,0.9636090369106579
3720.1458438221166,238.0,0.035149920683242256,0.9648500793167577,4.9266360001654666e-17,1.034593560034748e-17,0.9648500793167577
3721.1458438221166,239.0,0.03390887827714241,0.9660911217228576,5.077787414267237e-17,1.0663353569961197e-17,0.9660911217228576
3722.1458438221166,240.0,0.032667835871042564,0.9673321641289574,5.228938828369007e-17,1.0980771539574915e-17,0.9673321641289574
3723.1458438221166,241.0,0.03142679346494272,0.9685732065350573,5.3800902424707767e-17,1.129818950918863e-17,0.9685732065350573
3724.1458438221166,242.0,0.030185751058842865,0.9698142489411571,5.531241656572547e-17,1.1615607478802348e-17,0.9698142489411571
3725.1458438221166,243.0,0.028991541423508814,0.9710084585764912,5.690009409752186e-17,1.194901976047959e-17,0.9710084585764912
3726.1458438221166,244.0,0.028071614921299316,0.9719283850787007,5.893383392951047e-17,1.2376105125197198e-17,0.9719283850787007
3727.1458438221166,245.0,0.02715168841908982,0.9728483115809101,6.096757376149908e-17,1.2803190489914805e-17,0.9728483115809101
3728.1458438221166,246.0,0.026231761916880317,0.9737682380831196,6.300131359348768e-17,1.3230275854632412e-17,0.9737682380831196
3729.1458438221166,247.0,0.025311835414670816,0.9746881645853291,6.503505342547629e-17,1.3657361219350021e-17,0.9746881645853291
3730.1458438221166,248.0,0.02439190891246132,0.9756080910875387,6.70687932574649e-17,1.408444658406763e-17,0.9756080910875387
3731.1458438221166,249.0,0.02347198241025182,0.9765280175897482,6.910253308945351e-17,1.4511531948785238e-17,0.9765280175897482
3732.1458438221166,250.0,0.02255205590804232,0.9774479440919577,7.113627292144212e-17,1.4938617313502846e-17,0.9774479440919578
3733.1458438221166,251.0,0.02163212940583282,0.9783678705941672,7.317001275343074e-17,1.5365702678220455e-17,0.9783678705941673
3734.1458438221166,252.0,0.02071220290362332,0.9792877970963767,7.520375258541935e-17,1.5792788042938064e-17,0.9792877970963768
3735.1458438221166,253.0,0.019829756223311346,0.9801702437766886,7.733855363263496e-17,1.624109626285334e-17,0.9801702437766887
3736.1458438221166,254.0,0.019166815730886733,0.9808331842691133,8.006523481627164e-17,1.6813699311417042e-17,0.9808331842691134
3737.1458438221166,255.0,0.018503875238462125,0.9814961247615378,8.279191599990832e-17,1.7386302359980746e-17,0.9814961247615379
3738.1458438221166,256.0,0.017840934746037512,0.9821590652539625,8.551859718354502e-17,1.7958905408544453e-17,0.9821590652539626
3739.1458438221166,257.0,0.017177994253612903,0.982822005746387,8.824527836718171e-17,1.8531508457108157e-17,0.9828220057463871
3740.1458438221166,258.0,0.01651505376118829,0.9834849462388117,9.097195955081839e-17,1.910411150567186e-17,0.9834849462388118
3741.1458438221166,259.0,0.015852113268763682,0.9841478867312362,9.369864073445508e-17,1.9676714554235564e-17,0.9841478867312363
3742.1458438221166,260.0,0.01518917277633907,0.9848108272236609,9.642532191809177e-17,2.024931760279927e-17,0.984810827223661
3743.1458438221166,261.0,0.014526232283914461,0.9854737677160854,9.915200310172846e-17,2.0821920651362974e-17,0.9854737677160855
3744.1458438221166,262.0,0.01386329179148985,0.9861367082085101,1.0187868428536514e-16,2.1394523699926678e-17,0.9861367082085102
3745.1458438221166,263.0,0.013229306269838537,0.9867706937301614,1.0473905170271373e-16,2.199520085756988e-17,0.9867706937301615
3746.1458438221166,264.0,0.012764899869246402,0.9872351001307534,1.0838237256139274e-16,2.2760298237892477e-17,0.9872351001307536
3747.1458438221166,265.0,0.012300493468654269,0.9876995065313456,1.1202569342007175e-16,2.3525395618215066e-17,0.9876995065313458
3748.1458438221166,266.0,0.011836087068062134,0.9881639129319377,1.1566901427875078e-16,2.4290492998537662e-17,0.9881639129319378
3749.1458438221166,267.0,0.011371680667470003,0.9886283193325299,1.193123351374298e-16,2.5055590378860258e-17,0.98862831933253
3750.1458438221166,268.0,0.010907274266877867,0.989092725733122,1.229556559961088e-16,2.5820687759182844e-17,0.9890927257331221
3751.1458438221166,269.0,0.010442867866285734,0.9895571321337142,1.2659897685478784e-16,2.6585785139505446e-17,0.9895571321337143
3752.1458438221166,270.0,0.009978461465693601,0.9900215385343063,1.3024229771346685e-16,2.7350882519828036e-17,0.9900215385343064
3753.1458438221166,271.0,0.009514055065101465,0.9904859449348984,1.3388561857214585e-16,2.8115979900150625e-17,0.9904859449348985
3754.1458438221166,272.0,0.009049648664509332,0.9909503513354906,1.3752893943082488e-16,2.888107728047323e-17,0.9909503513354907
3755.1458438221166,273.0,0.008606851648797164,0.9913931483512027,1.413486237876964e-16,2.968321099541624e-17,0.9913931483512028
3756.1458438221166,274.0,0.008290613230683497,0.9917093867693164,1.4620120737436056e-16,3.070225354861572e-17,0.9917093867693165
3757.1458438221166,275.0,0.00797437481256983,0.9920256251874301,1.5105379096102469e-16,3.1721296101815186e-17,0.9920256251874302
3758.1458438221166,276.0,0.007658136394456162,0.9923418636055438,1.5590637454768884e-16,3.2740338655014655e-17,0.9923418636055439
3759.1458438221166,277.0,0.007341897976342494,0.9926581020236573,1.6075895813435295e-16,3.375938120821412e-17,0.9926581020236575
3760.1458438221166,278.0,0.007025659558228826,0.992974340441771,1.656115417210171e-16,3.477842376141359e-17,0.9929743404417711
3761.1458438221166,279.0,0.006709421140115159,0.9932905788598847,1.7046412530768123e-16,3.5797466314613055e-17,0.9932905788598848
3762.1458438221166,280.0,0.006393182722001492,0.9936068172779984,1.7531670889434538e-16,3.681650886781253e-17,0.9936068172779985
3763.1458438221166,281.0,0.006076944303887825,0.9939230556961121,1.801692924810095e-16,3.783555142101199e-17,0.9939230556961122
3764.1458438221166,282.0,0.0057607058857741585,0.9942392941142257,1.8502187606767366e-16,3.885459397421147e-17,0.9942392941142258
3765.1458438221166,283.0,0.005460057548307783,0.9945399424516921,1.9010660166750588e-16,3.992238635017623e-17,0.9945399424516922
3766.1458438221166,284.0,0.0052507148520768545,0.994749285147923,1.9655090172044913e-16,4.1275689361294314e-17,0.9947492851479232
3767.1458438221166,285.0,0.005041372155845925,0.9949586278441539,2.0299520177339237e-16,4.2628992372412397e-17,0.994958627844154
3768.1458438221166,286.0,0.004832029459614997,0.9951679705403849,2.0943950182633564e-16,4.398229538353048e-17,0.995167970540385
3769.1458438221166,287.0,0.004622686763384069,0.9953773132366158,2.1588380187927888e-16,4.533559839464856e-17,0.995377313236616
3770.1458438221166,288.0,0.00441334406715314,0.9955866559328467,2.2232810193222215e-16,4.668890140576665e-17,0.9955866559328469
3771.1458438221166,289.0,0.00420400137092221,0.9957959986290774,2.2877240198516534e-16,4.804220441688472e-17,0.9957959986290776
3772.1458438221166,290.0,0.003994658674691283,0.9960053413253085,2.3521670203810863e-16,4.939550742800281e-17,0.9960053413253087
3773.1458438221166,291.0,0.003785315978460354,0.9962146840215395,2.416610020910519e-16,5.0748810439120893e-17,0.9962146840215397
3774.1458438221166,292.0,0.0035759732822294244,0.9964240267177702,2.4810530214399507e-16,5.2102113450238964e-17,0.9964240267177704
3775.1458438221166,293.0,0.003377510590058505,0.9966224894099412,2.548546634521644e-16,5.351947932495453e-17,0.9966224894099415
3776.1458438221166,294.0,0.003242768270464093,0.9967572317295357,2.6339066167098647e-16,5.531203895090716e-17,0.9967572317295359
3777.1458438221166,295.0,0.003108025950869681,0.9968919740491301,2.7192665988980853e-16,5.710459857685979e-17,0.9968919740491303
3778.1458438221166,296.0,0.002973283631275269,0.9970267163687244,2.804626581086306e-16,5.889715820281243e-17,0.9970267163687246
3779.1458438221166,297.0,0.0028385413116808573,0.9971614586883188,2.8899865632745264e-16,6.068971782876505e-17,0.9971614586883191
3780.1458438221166,298.0,0.002703798992086446,0.9972962010079133,2.975346545462747e-16,6.248227745471769e-17,0.9972962010079135
3781.1458438221166,299.0,0.0025690566724920335,0.9974309433275076,3.060706527650967e-16,6.427483708067031e-17,0.9974309433275078
3782.1458438221166,300.0,0.0024343143528976216,0.997565685647102,3.1460665098391875e-16,6.606739670662293e-17,0.9975656856471022
3783.1458438221166,301.0,0.00229957203330321,0.9977004279666964,3.2314264920274086e-16,6.785995633257558e-17,0.9977004279666967
3784.1458438221166,302.0,0.0021648297137087983,0.9978351702862909,3.316786474215629e-16,6.965251595852821e-17,0.9978351702862911
3785.1458438221166,303.0,0.0020374372458696085,0.9979625627541301,3.406151952481715e-16,7.1529191002116e-17,0.9979625627541303
3786.1458438221166,304.0,0.001953090285149882,0.9980469097148498,3.5189762181735734e-16,7.389850058164503e-17,0.9980469097148501
3787.1458438221166,305.0,0.0018687433244301559,0.9981312566755695,3.631800483865433e-16,7.626781016117409e-17,0.9981312566755698
3788.1458438221166,306.0,0.0017843963637104298,0.9982156036362893,3.7446247495572925e-16,7.863711974070314e-17,0.9982156036362896
3789.1458438221166,307.0,0.0017000494029907034,0.9982999505970089,3.857449015249152e-16,8.100642932023218e-17,0.9982999505970093
3790.1458438221166,308.0,0.0016157024422709773,0.9983842975577286,3.9702732809410116e-16,8.337573889976124e-17,0.998384297557729
3791.1458438221166,309.0,0.001531355481551251,0.9984686445184483,4.0830975466328707e-16,8.574504847929028e-17,0.9984686445184486
3792.1458438221166,310.0,0.0014470085208315247,0.998552991479168,4.19592181232473e-16,8.811435805881934e-17,0.9985529914791683
3793.1458438221166,311.0,0.0013626615601117988,0.9986373384398878,4.30874607801659e-16,9.048366763834838e-17,0.9986373384398881
3794.1458438221166,312.0,0.0012783145993920724,0.9987216854006075,4.4215703437084493e-16,9.285297721787743e-17,0.9987216854006078
