x_abs_m,x_local_m,x_H2_molfrac,x_N2_molfrac,x_Air_molfrac,x_O2_molfrac,x_inert_molfrac
9482.36648866224,0.0,0.8575108674348957,0.14248913256510184,2.465310508264767e-15,5.17715206735601e-16,0.1424891325651038
9483.36648866224,1.0,0.8555963831535827,0.1444036168464149,2.5051751990134082e-15,5.260867917928157e-16,0.14440361684641687
9484.36648866224,2.0,0.8536818988722695,0.14631810112772792,2.5450398897620492e-15,5.344583768500303e-16,0.14631810112772992
9485.36648866224,3.0,0.8516974035601013,0.1483025964398962,2.587622479500799e-15,5.434007206951678e-16,0.14830259643989827
9486.36648866224,4.0,0.8495918873641103,0.15040811263588708,2.6349032222863647e-15,5.533296766801366e-16,0.15040811263588916
9487.36648866224,5.0,0.8474863711681194,0.15251362883187794,2.6821839650719305e-15,5.632586326651054e-16,0.15251362883188005
9488.36648866224,6.0,0.8453808549721286,0.1546191450278688,2.7294647078574963e-15,5.731875886500742e-16,0.15461914502787097
9489.36648866224,7.0,0.8432753387761376,0.15672466122385964,2.776745450643062e-15,5.83116544635043e-16,0.15672466122386183
9490.36648866224,8.0,0.8411698225801467,0.1588301774198505,2.824026193428628e-15,5.930455006200118e-16,0.15883017741985272
9491.36648866224,9.0,0.8390643063841557,0.16093569361584137,2.8713069362141937e-15,6.029744566049806e-16,0.16093569361584364
9492.36648866224,10.0,0.8369587901881649,0.16304120981183223,2.9185876789997595e-15,6.129034125899495e-16,0.16304120981183454
9493.36648866224,11.0,0.834853273992174,0.1651467260078231,2.9658684217853253e-15,6.228323685749183e-16,0.16514672600782543
9494.36648866224,12.0,0.832747757796183,0.16725224220381396,3.013149164570891e-15,6.327613245598871e-16,0.16725224220381635
9495.36648866224,13.0,0.8305713828622192,0.16942861713777774,3.0637081327063575e-15,6.433787078683351e-16,0.16942861713778015
9496.36648866224,14.0,0.8282725217001385,0.17172747829985838,3.1199338325606412e-15,6.551861048377347e-16,0.17172747829986085
9497.36648866224,15.0,0.8259736605380578,0.17402633946193904,3.1761595324149245e-15,6.669935018071341e-16,0.17402633946194154
9498.36648866224,16.0,0.8236747993759771,0.17632520062401968,3.2323852322692082e-15,6.788008987765337e-16,0.17632520062402224
9499.36648866224,17.0,0.8213759382138963,0.17862406178610035,3.288610932123492e-15,6.906082957459333e-16,0.17862406178610296
9500.36648866224,18.0,0.8190770770518156,0.180922922948181,3.3448366319777752e-15,7.024156927153328e-16,0.18092292294818363
9501.36648866224,19.0,0.816778215889735,0.18322178411026166,3.4010623318320593e-15,7.142230896847325e-16,0.18322178411026435
9502.36648866224,20.0,0.8144793547276543,0.18552064527234233,3.4572880316863426e-15,7.26030486654132e-16,0.18552064527234505
9503.36648866224,21.0,0.8121804935655735,0.18781950643442297,3.5135137315406263e-15,7.378378836235315e-16,0.18781950643442574
9504.36648866224,22.0,0.8098816324034929,0.19011836759650363,3.56973943139491e-15,7.496452805929311e-16,0.19011836759650647
9505.36648866224,23.0,0.8075121403980611,0.19248785960193524,3.629953560179243e-15,7.622902476376411e-16,0.1924878596019381
9506.36648866224,24.0,0.8050205561025567,0.19497944389743965,3.69706207672336e-15,7.763830361119056e-16,0.19497944389744257
9507.36648866224,25.0,0.8025289718070522,0.197471028192944,3.764170593267476e-15,7.904758245861699e-16,0.19747102819294696
9508.36648866224,26.0,0.8000373875115477,0.19996261248844838,3.831279109811591e-15,8.045686130604341e-16,0.1999626124884514
9509.36648866224,27.0,0.7975458032160434,0.20245419678395277,3.898387626355708e-15,8.186614015346987e-16,0.20245419678395585
9510.36648866224,28.0,0.795054218920539,0.20494578107945713,3.965496142899824e-15,8.327541900089629e-16,0.20494578107946027
9511.36648866224,29.0,0.7925626346250345,0.2074373653749615,4.032604659443939e-15,8.468469784832272e-16,0.20743736537496468
9512.36648866224,30.0,0.7900710503295301,0.20992894967046588,4.099713175988055e-15,8.609397669574916e-16,0.20992894967046913
9513.36648866224,31.0,0.7875794660340256,0.21242053396597024,4.1668216925321715e-15,8.75032555431756e-16,0.21242053396597355
9514.36648866224,32.0,0.7850878817385212,0.21491211826147463,4.233930209076287e-15,8.891253439060203e-16,0.214912118261478
9515.36648866224,33.0,0.7825270801395672,0.21747291986042866,4.305947611777202e-15,9.042489984732124e-16,0.21747291986043207
9516.36648866224,34.0,0.7798466296918964,0.22015337030809923,4.3864505021794515e-15,9.211546054576848e-16,0.2201533703081027
9517.36648866224,35.0,0.7771661792442256,0.22283382075576977,4.4669533925817e-15,9.38060212442157e-16,0.2228338207557733
9518.36648866224,36.0,0.7744857287965551,0.22551427120344042,4.5474562829839506e-15,9.549658194266296e-16,0.225514271203444
9519.36648866224,37.0,0.7718052783488845,0.228194721651111,4.6279591733862e-15,9.71871426411102e-16,0.22819472165111465
9520.36648866224,38.0,0.7691248279012136,0.23087517209878153,4.70846206378845e-15,9.887770333955745e-16,0.23087517209878525
9521.36648866224,39.0,0.7664443774535429,0.23355562254645212,4.788964954190699e-15,1.0056826403800469e-15,0.2335556225464559
9522.36648866224,40.0,0.7637639270058725,0.23623607299412278,4.8694678445929496e-15,1.0225882473645193e-15,0.23623607299412663
9523.36648866224,41.0,0.7610834765582017,0.23891652344179334,4.949970734995199e-15,1.0394938543489917e-15,0.23891652344179726
9524.36648866224,42.0,0.7584030261105309,0.24159697388946388,5.030473625397448e-15,1.056399461333464e-15,0.24159697388946785
9525.36648866224,43.0,0.755656040415933,0.2443439595840617,5.117114293153517e-15,1.0745940015622387e-15,0.24434395958406574
9526.36648866224,44.0,0.7527940420684702,0.2472059579315246,5.214364706702377e-15,1.0950165884074993e-15,0.24720595793152872
9527.36648866224,45.0,0.7499320437210073,0.2500679562789875,5.311615120251237e-15,1.1154391752527597e-15,0.2500679562789917
9528.36648866224,46.0,0.7470700453735443,0.25292995462645035,5.408865533800095e-15,1.13586176209802e-15,0.2529299546264546
9529.36648866224,47.0,0.7442080470260812,0.2557919529739133,5.5061159473489544e-15,1.1562843489432803e-15,0.2557919529739176
9530.36648866224,48.0,0.7413460486786183,0.25865395132137614,5.603366360897813e-15,1.1767069357885407e-15,0.2586539513213806
9531.36648866224,49.0,0.7384840503311554,0.26151594966883907,5.700616774446673e-15,1.1971295226338013e-15,0.26151594966884356
9532.36648866224,50.0,0.7356220519836923,0.2643779480163019,5.7978671879955315e-15,1.2175521094790615e-15,0.2643779480163065
9533.36648866224,51.0,0.7327600536362294,0.2672399463637648,5.895117601544391e-15,1.237974696324322e-15,0.26723994636376946
9534.36648866224,52.0,0.7298980552887663,0.27010194471122767,5.992368015093249e-15,1.2583972831695824e-15,0.2701019447112324
9535.36648866224,53.0,0.726973521441061,0.27302647855893303,6.097466468334915e-15,1.2804679583503322e-15,0.27302647855893786
9536.36648866224,54.0,0.7239408888920912,0.27605911110790254,6.2161310223509216e-15,1.3053875146936935e-15,0.27605911110790743
9537.36648866224,55.0,0.7209082563431215,0.27909174365687217,6.334795576366929e-15,1.3303070710370551e-15,0.27909174365687717
9538.36648866224,56.0,0.7178756237941518,0.28212437620584174,6.4534601303829365e-15,1.3552266273804165e-15,0.28212437620584685
9539.36648866224,57.0,0.7148429912451821,0.28515700875481137,6.572124684398945e-15,1.3801461837237783e-15,0.2851570087548166
9540.36648866224,58.0,0.7118103586962123,0.28818964130378094,6.690789238414951e-15,1.4050657400671397e-15,0.2881896413037862
9541.36648866224,59.0,0.7087777261472428,0.29122227385275057,6.80945379243096e-15,1.4299852964105015e-15,0.29122227385275595
9542.36648866224,60.0,0.705745093598273,0.29425490640172014,6.928118346446966e-15,1.4549048527538629e-15,0.29425490640172564
9543.36648866224,61.0,0.7027124610493033,0.2972875389506897,7.046782900462974e-15,1.4798244090972245e-15,0.29728753895069526
9544.36648866224,62.0,0.6996798285003335,0.3003201714996593,7.165447454478982e-15,1.5047439654405863e-15,0.30032017149966495
9545.36648866224,63.0,0.6965899877712329,0.3034100122287598,7.294499356167561e-15,1.5318448647951878e-15,0.30341001222876557
9546.36648866224,64.0,0.6934012571324031,0.3065987428675895,7.44150679972648e-15,1.5627164279425606e-15,0.30659874286759536
9547.36648866224,65.0,0.6902125264935732,0.30978747350641916,7.588514243285397e-15,1.5935879910899333e-15,0.30978747350642516
9548.36648866224,66.0,0.6870237958547434,0.31297620414524885,7.735521686844317e-15,1.6244595542373065e-15,0.31297620414525495
9549.36648866224,67.0,0.6838350652159136,0.31616493478407853,7.882529130403235e-15,1.6553311173846792e-15,0.31616493478408475
9550.36648866224,68.0,0.6806463345770838,0.3193536654229082,8.029536573962153e-15,1.6862026805320521e-15,0.31935366542291455
9551.36648866224,69.0,0.6774576039382539,0.3225423960617379,8.176544017521071e-15,1.7170742436794249e-15,0.32254239606174434
9552.36648866224,70.0,0.6742688732994241,0.3257311267005676,8.323551461079989e-15,1.7479458068267976e-15,0.32573112670057414
9553.36648866224,71.0,0.6710801426605943,0.32891985733939727,8.470558904638909e-15,1.7788173699741708e-15,0.328919857339404
9554.36648866224,72.0,0.6678914120217645,0.3321085879782269,8.617566348197825e-15,1.8096889331215433e-15,0.3321085879782337
9555.36648866224,73.0,0.6646520944701478,0.3353479055298435,8.779314020138338e-15,1.843655944229051e-15,0.33534790552985044
9556.36648866224,74.0,0.6613253325141203,0.3386746674858708,8.966541612095669e-15,1.8829737385400903e-15,0.3386746674858779
9557.36648866224,75.0,0.6579985705580927,0.3420014294418981,9.153769204052999e-15,1.92229153285113e-15,0.3420014294419053
9558.36648866224,76.0,0.6546718086020653,0.3453281913979254,9.34099679601033e-15,1.961609327162169e-15,0.3453281913979328
9559.36648866224,77.0,0.6513450466460378,0.34865495335395275,9.52822438796766e-15,2.0009271214732085e-15,0.3486549533539603
9560.36648866224,78.0,0.6480182846900102,0.35198171530998,9.715451979924989e-15,2.0402449157842477e-15,0.3519817153099877
9561.36648866224,79.0,0.6446915227339827,0.35530847726600734,9.90267957188232e-15,2.079562710095287e-15,0.35530847726601517
9562.36648866224,80.0,0.6413647607779553,0.3586352392220347,1.0089907163839651e-14,2.1188805044063267e-15,0.3586352392220427
9563.36648866224,81.0,0.6380379988219278,0.361962001178062,1.0277134755796982e-14,2.158198298717366e-15,0.3619620011780701
9564.36648866224,82.0,0.6347112368659003,0.36528876313408926,1.0464362347754311e-14,2.1975160930284052e-15,0.3652887631340975
9565.36648866224,83.0,0.6313417236314249,0.36865827636856446,1.0680479144531249e-14,2.2429006203515623e-15,0.3686582763685729
9566.36648866224,84.0,0.6278983106494512,0.37210168935053795,1.094653374478701e-14,2.2987720864052718e-15,0.3721016893505466
9567.36648866224,85.0,0.6244548976674775,0.3755451023325114,1.121258834504277e-14,2.3546435524589813e-15,0.3755451023325203
9568.36648866224,86.0,0.6210114846855037,0.3789885153144848,1.1478642945298526e-14,2.4105150185126904e-15,0.37898851531449385
9569.36648866224,87.0,0.61756807170353,0.38243192829645833,1.174469754555429e-14,2.4663864845664007e-15,0.3824319282964676
9570.36648866224,88.0,0.6141246587215562,0.3858753412784317,1.2010752145810047e-14,2.52225795062011e-15,0.3858753412784412
9571.36648866224,89.0,0.6106812457395825,0.3893187542604052,1.2276806746065808e-14,2.5781294166738197e-15,0.3893187542604149
9572.36648866224,90.0,0.6072378327576088,0.3927621672423788,1.2542861346321572e-14,2.63400088272753e-15,0.3927621672423887
9573.36648866224,91.0,0.603794419775635,0.39620558022435215,1.2808915946577329e-14,2.689872348781239e-15,0.39620558022436225
9574.36648866224,92.0,0.6003510067936613,0.39964899320632563,1.3074970546833089e-14,2.7457438148349486e-15,0.39964899320633596
9575.36648866224,93.0,0.5968737666572285,0.40312623334275804,1.3439027232256548e-14,2.822195718773875e-15,0.40312623334276865
9576.36648866224,94.0,0.5933380529905559,0.4066619470094301,1.397249006437666e-14,2.9342229135190983e-15,0.40666194700944114
9577.36648866224,95.0,0.5898023393238833,0.4101976606761022,1.4505952896496772e-14,3.046250108264322e-15,0.41019766067611363
9578.36648866224,96.0,0.5862666256572105,0.4137333743427743,1.5039415728616882e-14,3.158277303009545e-15,0.4137333743427862
9579.36648866224,97.0,0.582730911990538,0.4172690880094464,1.5572878560736994e-14,3.270304497754769e-15,0.4172690880094587
9580.36648866224,98.0,0.5791951983238653,0.4208048016761185,1.6106341392857104e-14,3.3823316924999917e-15,0.4208048016761312
9581.36648866224,99.0,0.5756594846571927,0.4243405153427906,1.6639804224977216e-14,3.4943588872452153e-15,0.42434051534280376
9582.36648866224,100.0,0.5721237709905201,0.42787622900946265,1.717326705709733e-14,3.606386081990439e-15,0.4278762290094762
9583.36648866224,101.0,0.5685880573238474,0.43141194267613475,1.770672988921744e-14,3.718413276735662e-15,0.43141194267614874
9584.36648866224,102.0,0.5650523436571748,0.43494765634280685,1.824019272133755e-14,3.830440471480886e-15,0.4349476563428213
9585.36648866224,103.0,0.5614926452524656,0.43850735474751534,1.8985998729731152e-14,3.987059733243542e-15,0.43850735474753033
9586.36648866224,104.0,0.5578914868926609,0.4421085131073189,2.0098860594214602e-14,4.2207607247850664e-15,0.4421085131073348
9587.36648866224,105.0,0.5542903285328562,0.44570967146712254,2.1211722458698052e-14,4.454461716326591e-15,0.4457096714671393
9588.36648866224,106.0,0.5506891701730514,0.4493108298269261,2.23245843231815e-14,4.688162707868115e-15,0.44931082982694376
9589.36648866224,107.0,0.5470880118132467,0.4529119881867297,2.3437446187664953e-14,4.92186369940964e-15,0.4529119881867482
9590.36648866224,108.0,0.543486853453442,0.45651314654653324,2.4550308052148403e-14,5.155564690951165e-15,0.4565131465465526
9591.36648866224,109.0,0.5398856950936375,0.460114304906337,2.5663169916631862e-14,5.389265682492691e-15,0.46011430490635724
9592.36648866224,110.0,0.5362845367338327,0.46371546326614055,2.677603178111531e-14,5.622966674034215e-15,0.4637154632661617
9593.36648866224,111.0,0.532683378374028,0.4673166216259441,2.788889364559876e-14,5.856667665575739e-15,0.46731662162596616
9594.36648866224,112.0,0.5290822200142233,0.4709177799857477,2.900175551008221e-14,6.090368657117264e-15,0.4709177799857706
9595.36648866224,113.0,0.5254676274877343,0.4745323725122353,3.0430030097995044e-14,6.390306320578959e-15,0.4745323725122593
9596.36648866224,114.0,0.5218298126960437,0.47817018730392385,3.240352629016082e-14,6.8047405209337724e-15,0.47817018730394945
9597.36648866224,115.0,0.5181919979043531,0.4818080020956125,3.437702248232661e-14,7.219174721288589e-15,0.4818080020956396
9598.36648866224,116.0,0.5145541831126627,0.4854458168873011,3.6350518674492406e-14,7.633608921643406e-15,0.4854458168873298
9599.36648866224,117.0,0.5109163683209721,0.4890836316789897,3.832401486665819e-14,8.04804312199822e-15,0.48908363167901997
9600.36648866224,118.0,0.5072785535292814,0.49272144647067834,4.029751105882398e-14,8.462477322353035e-15,0.49272144647071014
9601.36648866224,119.0,0.5036407387375909,0.4963592612623669,4.227100725098977e-14,8.87691152270785e-15,0.4963592612624003
9602.36648866224,120.0,0.5000029239459003,0.4999970760540555,4.424450344315555e-14,9.291345723062665e-15,0.4999970760540905
9603.36648866224,121.0,0.49636510915420967,0.5036348908457442,4.6217999635321334e-14,9.70577992341748e-15,0.5036348908457807
9604.36648866224,122.0,0.4927272943625191,0.5072727056374328,4.819149582748712e-14,1.0120214123772295e-14,0.5072727056374708
9605.36648866224,123.0,0.48908706075978886,0.5109129392401606,5.066341582227162e-14,1.063931732267704e-14,0.5109129392402006
9606.36648866224,124.0,0.48544264600665615,0.51455735399329,5.399690989151628e-14,1.1339351077218419e-14,0.5145573539933326
9607.36648866224,125.0,0.48179823125352356,0.5182017687464192,5.733040396076096e-14,1.20393848317598e-14,0.5182017687464645
9608.36648866224,126.0,0.47815381650039096,0.5218461834995485,6.066389803000563e-14,1.2739418586301181e-14,0.5218461834995964
9609.36648866224,127.0,0.47450940174725825,0.5254905982526779,6.39973920992503e-14,1.3439452340842562e-14,0.5254905982527284
9610.36648866224,128.0,0.47086498699412566,0.5291350130058071,6.733088616849497e-14,1.4139486095383942e-14,0.5291350130058603
9611.36648866224,129.0,0.46722057224099295,0.5327794277589364,7.066438023773962e-14,1.483951984992532e-14,0.5327794277589922
9612.36648866224,130.0,0.4635761574878603,0.5364238425120657,7.399787430698429e-14,1.5539553604466702e-14,0.5364238425121242
9613.36648866224,131.0,0.4599317427347277,0.5400682572651949,7.733136837622896e-14,1.623958735900808e-14,0.540068257265256
9614.36648866224,132.0,0.45628732798159505,0.5437126720183243,8.066486244547362e-14,1.693962111354946e-14,0.543712672018388
9615.36648866224,133.0,0.45265170674803085,0.5473482932518844,8.480731489602048e-14,1.78095361281643e-14,0.5473482932519513
9616.36648866224,134.0,0.4490312859692676,0.5509687140306421,9.034813067710116e-14,1.8973107442191243e-14,0.5509687140307135
9617.36648866224,135.0,0.4454108651905043,0.5545891348093998,9.588894645818185e-14,2.0136678756218187e-14,0.5545891348094755
9618.36648866224,136.0,0.44179044441174103,0.5582095555881575,1.0142976223926253e-13,2.130025007024513e-14,0.5582095555882377
9619.36648866224,137.0,0.4381700236329778,0.5618299763669152,1.0697057802034322e-13,2.2463821384272076e-14,0.5618299763669997
9620.36648866224,138.0,0.4345496028542145,0.565450397145673,1.125113938014239e-13,2.362739269829902e-14,0.565450397145762
9621.36648866224,139.0,0.4309291820754513,0.5690708179244307,1.180522095825046e-13,2.4790964012325965e-14,0.569070817924524
9622.36648866224,140.0,0.42730876129668804,0.5726912387031885,1.235930253635853e-13,2.595453532635291e-14,0.5726912387032861
9623.36648866224,141.0,0.4236883405179247,0.5763116594819462,1.2913384114466594e-13,2.7118106640379848e-14,0.5763116594820482
9624.36648866224,142.0,0.42006791973916147,0.5799320802607039,1.3467465692574664e-13,2.8281677954406794e-14,0.5799320802608102
9625.36648866224,143.0,0.41646742001822806,0.5835325799816304,1.4153511472508773e-13,2.972237409226842e-14,0.5835325799817422
9626.36648866224,144.0,0.41290135578547127,0.5870986442143782,1.5067670224682147e-13,3.164210747183251e-14,0.5870986442144972
9627.36648866224,145.0,0.4093352915527144,0.5906647084471257,1.5981828976855514e-13,3.356184085139658e-14,0.5906647084472519
9628.36648866224,146.0,0.4057692273199576,0.5942307726798735,1.6895987729028886e-13,3.548157423096066e-14,0.5942307726800069
9629.36648866224,147.0,0.40220316308720083,0.5977968369126211,1.7810146481202258e-13,3.740130761052474e-14,0.5977968369127618
9630.36648866224,148.0,0.39863709885444404,0.6013629011453687,1.8724305233375627e-13,3.9321040990088813e-14,0.6013629011455166
9631.36648866224,149.0,0.39507103462168724,0.6049289653781164,1.9638463985548999e-13,4.1240774369652895e-14,0.6049289653782715
9632.36648866224,150.0,0.3915049703889305,0.6084950296108641,2.0552622737722373e-13,4.3160507749216984e-14,0.6084950296110264
9633.36648866224,151.0,0.38793890615617366,0.6120610938436117,2.146678148989574e-13,4.5080241128781053e-14,0.6120610938437814
9634.36648866224,152.0,0.38437284192341686,0.6156271580763594,2.238094024206911e-13,4.699997450834513e-14,0.6156271580765362
9635.36648866224,153.0,0.38083745739341757,0.6191625426063474,2.351029321125379e-13,4.9371615743632955e-14,0.6191625426065331
9636.36648866224,154.0,0.3773551057169239,0.622644894282826,2.5011630338050085e-13,5.252442370990518e-14,0.6226448942830236
9637.36648866224,155.0,0.3738727540404302,0.6261272459593047,2.651296746484638e-13,5.5677231676177397e-14,0.6261272459595142
9638.36648866224,156.0,0.3703904023639365,0.6296095976357834,2.8014304591642676e-13,5.883003964244962e-14,0.6296095976360047
9639.36648866224,157.0,0.36690805068744287,0.6330919493122621,2.951564171843897e-13,6.198284760872184e-14,0.6330919493124952
9640.36648866224,158.0,0.3634256990109492,0.6365743009887407,3.101697884523527e-13,6.513565557499406e-14,0.6365743009889857
9641.36648866224,159.0,0.3599433473344555,0.6400566526652194,3.2518315972031563e-13,6.828846354126628e-14,0.6400566526654763
9642.36648866224,160.0,0.3564609956579618,0.643539004341698,3.401965309882786e-13,7.14412715075385e-14,0.6435390043419668
9643.36648866224,161.0,0.35297864398146817,0.6470213560181767,3.5520990225624155e-13,7.459407947381073e-14,0.6470213560184573
9644.36648866224,162.0,0.3494962923049745,0.6505037076946554,3.7022327352420456e-13,7.774688744008295e-14,0.6505037076949478
9645.36648866224,163.0,0.3460547357646313,0.6539452642349799,3.887361084817197e-13,8.163458278116114e-14,0.653945264235287
9646.36648866224,164.0,0.3426836975893558,0.657316302410231,4.132981071701646e-13,8.679260250573456e-14,0.6573163024105575
9647.36648866224,165.0,0.3393126594140802,0.6606873405854821,4.378601058586094e-13,9.195062223030797e-14,0.660687340585828
9648.36648866224,166.0,0.33594162123880456,0.664058378760733,4.624221045470541e-13,9.710864195488135e-14,0.6640583787610983
9649.36648866224,167.0,0.332570583063529,0.6674294169359841,4.869841032354989e-13,1.0226666167945477e-13,0.6674294169363688
9650.36648866224,168.0,0.3291995448882533,0.6708004551112351,5.115461019239437e-13,1.0742468140402817e-13,0.6708004551116392
9651.36648866224,169.0,0.3258285067129778,0.6741714932864862,5.361081006123886e-13,1.1258270112860162e-13,0.6741714932869097
9652.36648866224,170.0,0.32245746853770213,0.6775425314617372,5.606700993008333e-13,1.17740720853175e-13,0.6775425314621801
9653.36648866224,171.0,0.31908643036242657,0.6809135696369882,5.85232097989278e-13,1.2289874057774838e-13,0.6809135696374505
9654.36648866224,172.0,0.315715392187151,0.6842846078122393,6.09794096677723e-13,1.2805676030232183e-13,0.684284607812721
9655.36648866224,173.0,0.3123943687275291,0.6876056312718309,6.400275960161687e-13,1.3440579516339542e-13,0.6876056312723365
9656.36648866224,174.0,0.30915980057385833,0.6908401994254616,6.800648364633891e-13,1.428136156573117e-13,0.6908401994259988
9657.36648866224,175.0,0.3059252324201876,0.6940747675790923,7.201020769106094e-13,1.5122143615122797e-13,0.6940747675796611
9658.36648866224,176.0,0.302690664266517,0.697309335732723,7.601393173578301e-13,1.596292566451443e-13,0.6973093357333235
9659.36648866224,177.0,0.2994560961128462,0.7005439038863536,8.001765578050504e-13,1.6803707713906058e-13,0.7005439038869857
9660.36648866224,178.0,0.2962215279591755,0.7037784720399843,8.402137982522712e-13,1.7644489763297694e-13,0.7037784720406481
9661.36648866224,179.0,0.29298695980550477,0.707013040193615,8.802510386994915e-13,1.848527181268932e-13,0.7070130401943104
9662.36648866224,180.0,0.28975239165183403,0.7102476083472457,9.202882791467119e-13,1.932605386208095e-13,0.7102476083479726
9663.36648866224,181.0,0.28651782349816335,0.7134821765008764,9.603255195939327e-13,2.0166835911472586e-13,0.713482176501635
9664.36648866224,182.0,0.28328325534449267,0.7167167446545071,1.000362760041153e-12,2.1007617960864215e-13,0.7167167446552973
9665.36648866224,183.0,0.2801068056085083,0.7198931943904421,1.0495587480884532e-12,2.2040733709857516e-13,0.7198931943912712
9666.36648866224,184.0,0.277030819216498,0.7229691807823874,1.1145865231517316e-12,2.340631698618636e-13,0.7229691807832679
9667.36648866224,185.0,0.27395483282448774,0.7260451671743325,1.17961429821501e-12,2.477190026251521e-13,0.7260451671752645
9668.36648866224,186.0,0.27087884643247745,0.7291211535662779,1.2446420732782884e-12,2.6137483538844053e-13,0.7291211535672611
9669.36648866224,187.0,0.26780286004046716,0.7321971399582232,1.3096698483415668e-12,2.75030668151729e-13,0.7321971399592578
9670.36648866224,188.0,0.2647268736484569,0.7352731263501685,1.3746976234048452e-12,2.8868650091501746e-13,0.7352731263512545
9671.36648866224,189.0,0.26165088725644653,0.7383491127421138,1.4397253984681234e-12,3.023423336783059e-13,0.7383491127432512
9672.36648866224,190.0,0.25857490086443624,0.741425099134059,1.5047531735314019e-12,3.159981664415944e-13,0.7414250991352477
9673.36648866224,191.0,0.255498914472426,0.7445010855260044,1.5697809485946805e-12,3.296539992048829e-13,0.7445010855272445
9674.36648866224,192.0,0.25242292808041566,0.7475770719179496,1.6348087236579587e-12,3.4330983196817133e-13,0.7475770719192412
9675.36648866224,193.0,0.2494118698374465,0.750588130160839,1.7145724132362358e-12,3.600602067796095e-13,0.7505881301621935
9676.36648866224,194.0,0.24651304622216294,0.7534869537760174,1.8198085658928805e-12,3.821597988375049e-13,0.753486953777455
9677.36648866224,195.0,0.24361422260687934,0.7563857773911956,1.9250447185495244e-12,4.042593908954001e-13,0.7563857773927164
9678.36648866224,196.0,0.24071539899159577,0.759284601006374,2.0302808712061686e-12,4.263589829532954e-13,0.7592846010079779
9679.36648866224,197.0,0.2378165753763122,0.7621834246215523,2.135517023862813e-12,4.484585750111907e-13,0.7621834246232394
9680.36648866224,198.0,0.23491775176102864,0.7650822482367307,2.2407531765194572e-12,4.70558167069086e-13,0.7650822482385008
9681.36648866224,199.0,0.23201892814574507,0.767981071851909,2.3459893291761015e-12,4.926577591269813e-13,0.7679810718537623
9682.36648866224,200.0,0.2291201045304615,0.7708798954670874,2.4512254818327458e-12,5.147573511848766e-13,0.7708798954690238
9683.36648866224,201.0,0.22622128091517793,0.7737787190822657,2.55646163448939e-12,5.368569432427719e-13,0.7737787190842853
9684.36648866224,202.0,0.22332245729989436,0.776677542697444,2.661697787146034e-12,5.589565353006671e-13,0.7766775426995468
9685.36648866224,203.0,0.22049394853121743,0.7795060514659918,2.790555266736063e-12,5.860166060145732e-13,0.7795060514681964
9686.36648866224,204.0,0.21778698582147218,0.7822130141755677,2.960244509944176e-12,6.216513470882769e-13,0.7822130141779062
9687.36648866224,205.0,0.21508002311172686,0.7849199768851433,3.1299337531522883e-12,6.572860881619806e-13,0.7849199768876159
9688.36648866224,206.0,0.21237306040198148,0.7876269395947187,3.2996229963603994e-12,6.929208292356839e-13,0.7876269395973254
9689.36648866224,207.0,0.2096660976922362,0.7903339023042946,3.4693122395685125e-12,7.285555703093876e-13,0.7903339023070354
9690.36648866224,208.0,0.20695913498249088,0.7930408650138702,3.639001482776625e-12,7.641903113830912e-13,0.793040865016745
9691.36648866224,209.0,0.20425217227274559,0.7957478277234458,3.808690725984737e-12,7.998250524567948e-13,0.7957478277264546
9692.36648866224,210.0,0.20154520956300026,0.7984547904330214,3.9783799691928494e-12,8.354597935304984e-13,0.7984547904361643
9693.36648866224,211.0,0.19883824685325494,0.8011617531425971,4.148069212400961e-12,8.710945346042018e-13,0.801161753145874
9694.36648866224,212.0,0.1961312841435096,0.8038687158521727,4.317758455609073e-12,9.067292756779053e-13,0.8038687158555837
9695.36648866224,213.0,0.19349852436723805,0.8065014756282368,4.525170523472626e-12,9.502858099292513e-13,0.8065014756318117
9696.36648866224,214.0,0.1909940315866316,0.8090059684085706,4.797790166832722e-12,1.0075359350348716e-12,0.8090059684123609
9697.36648866224,215.0,0.18848953880602515,0.8115104611889045,5.070409810192819e-12,1.064786060140492e-12,0.81151046119291
9698.36648866224,216.0,0.1859850460254187,0.8140149539692383,5.3430294535529154e-12,1.1220361852461121e-12,0.8140149539734592
9699.36648866224,217.0,0.18348055324481224,0.8165194467495721,5.6156490969130125e-12,1.1792863103517326e-12,0.8165194467540084
9700.36648866224,218.0,0.1809760604642058,0.8190239395299059,5.88826874027311e-12,1.236536435457353e-12,0.8190239395345577
9701.36648866224,219.0,0.17847156768359934,0.8215284323102398,6.160888383633206e-12,1.2937865605629731e-12,0.8215284323151069
9702.36648866224,220.0,0.1759670749029929,0.8240329250905737,6.433508026993303e-12,1.3510366856685936e-12,0.8240329250956562
9703.36648866224,221.0,0.17346258212238644,0.8265374178709075,6.7061276703534e-12,1.408286810774214e-12,0.8265374178762054
9704.36648866224,222.0,0.17095808934178,0.8290419106512413,6.9787473137134966e-12,1.4655369358798342e-12,0.8290419106567546
9705.36648866224,223.0,0.16853016844584742,0.8314698315468412,7.31138263521901e-12,1.535390353395992e-12,0.8314698315526172
9706.36648866224,224.0,0.16623460950839472,0.8337653904838576,7.74776090013847e-12,1.6270297890290786e-12,0.8337653904899783
9707.36648866224,225.0,0.16393905057094202,0.8360609494208738,8.184139165057929e-12,1.7186692246621651e-12,0.8360609494273393
9708.36648866224,226.0,0.1616434916334893,0.8383565083578902,8.620517429977389e-12,1.8103086602952515e-12,0.8383565083647004
9709.36648866224,227.0,0.15934793269603661,0.8406520672949066,9.05689569489685e-12,1.9019480959283384e-12,0.8406520673020615
9710.36648866224,228.0,0.15705237375858386,0.8429476262319229,9.49327395981631e-12,1.9935875315614248e-12,0.8429476262394225
9711.36648866224,229.0,0.15475681482113118,0.8452431851689393,9.929652224735771e-12,2.085226967194512e-12,0.8452431851767837
9712.36648866224,230.0,0.15246125588367843,0.8475387441059555,1.0366030489655229e-11,2.176866402827598e-12,0.8475387441141446
9713.36648866224,231.0,0.15016569694622575,0.8498343030429719,1.080240875457469e-11,2.268505838460685e-12,0.8498343030515059
9714.36648866224,232.0,0.14787013800877302,0.8521298619799882,1.1238787019494148e-11,2.360145274093771e-12,0.8521298619888669
9715.36648866224,233.0,0.14565203393249535,0.8543479660557345,1.1770285799507369e-11,2.4717600178965473e-12,0.854347966065033
9716.36648866224,234.0,0.14356781812555525,0.8564321818619786,1.2466209651765332e-11,2.6179040268707197e-12,0.8564321818718269
9717.36648866224,235.0,0.14148360231861518,0.8585163976682227,1.3162133504023297e-11,2.764048035844892e-12,0.8585163976786209
9718.36648866224,236.0,0.1393993865116751,0.8606006134744668,1.3858057356281262e-11,2.9101920448190646e-12,0.8606006134854147
9719.36648866224,237.0,0.13731517070473503,0.862684829280711,1.4553981208539226e-11,3.0563360537932375e-12,0.8626848292922087
9720.36648866224,238.0,0.13523095489779496,0.8647690450869552,1.524990506079719e-11,3.2024800627674095e-12,0.8647690450990027
9721.36648866224,239.0,0.13314673909085487,0.8668532608931991,1.5945828913055152e-11,3.348624071741582e-12,0.8668532609057964
9722.36648866224,240.0,0.1310625232839148,0.8689374766994433,1.664175276531312e-11,3.4947680807157548e-12,0.8689374767125904
9723.36648866224,241.0,0.12897830747697472,0.8710216925056875,1.7337676617571082e-11,3.640912089689927e-12,0.8710216925193842
9724.36648866224,242.0,0.12689409167003468,0.8731059083119318,1.8033600469829048e-11,3.7870560986641e-12,0.8731059083261783
9725.36648866224,243.0,0.12488681044147551,0.8751131895396447,1.88797073806363e-11,3.964738549933622e-12,0.8751131895545596
9726.36648866224,244.0,0.1230125181227844,0.8769874818572301,1.9985420331502973e-11,4.1969382696156244e-12,0.8769874818730186
9727.36648866224,245.0,0.12113822580409328,0.8788617741748155,2.1091133282369644e-11,4.429137989297625e-12,0.8788617741914775
9728.36648866224,246.0,0.1192639334854022,0.880736066492401,2.219684623323632e-11,4.661337708979627e-12,0.8807360665099365
9729.36648866224,247.0,0.11738964116671108,0.8826103588099864,2.3302559184102995e-11,4.893537428661628e-12,0.8826103588283954
9730.36648866224,248.0,0.11551534884801998,0.8844846511275718,2.440827213496967e-11,5.1257371483436305e-12,0.8844846511468544
9731.36648866224,249.0,0.11364105652932885,0.8863589434451572,2.5513985085836342e-11,5.357936868025632e-12,0.8863589434653133
9732.36648866224,250.0,0.11176676421063775,0.8882332357627426,2.6619698036703016e-11,5.590136587707633e-12,0.8882332357837721
9733.36648866224,251.0,0.10989247189194663,0.890107528080328,2.772541098756969e-11,5.8223363073896345e-12,0.890107528102231
9734.36648866224,252.0,0.10801817957325552,0.8919818203979134,2.883112393843636e-11,6.054536027071636e-12,0.89198182042069
9735.36648866224,253.0,0.10621902402131556,0.8937809759485115,3.017304409239155e-11,6.336339259402225e-12,0.8937809759723482
9736.36648866224,254.0,0.10454974968678822,0.8954502502812886,3.192327139643181e-11,6.7038869932506795e-12,0.8954502503065079
9737.36648866224,255.0,0.10288047535226087,0.8971195246140656,3.367349870047207e-11,7.071434727099134e-12,0.8971195246406677
9738.36648866224,256.0,0.10121120101773354,0.8987887989468428,3.5423726004512326e-11,7.438982460947588e-12,0.8987887989748276
9739.36648866224,257.0,0.0995419266832062,0.9004580732796199,3.7173953308552586e-11,7.806530194796042e-12,0.9004580733089873
9740.36648866224,258.0,0.09787265234867887,0.902127347612397,3.8924180612592845e-11,8.174077928644497e-12,0.9021273476431471
9741.36648866224,259.0,0.09620337801415153,0.9037966219451741,4.0674407916633105e-11,8.541625662492951e-12,0.9037966219773068
9742.36648866224,260.0,0.09453410367962417,0.905465896277951,4.242463522067336e-11,8.909173396341405e-12,0.9054658963114665
9743.36648866224,261.0,0.09286482934509686,0.9071351706107283,4.4174862524713624e-11,9.276721130189861e-12,0.9071351706456265
9744.36648866224,262.0,0.09119555501056953,0.9088044449435054,4.592508982875389e-11,9.644268864038317e-12,0.9088044449797863
9745.36648866224,263.0,0.08959850241639433,0.9104014975355603,4.8045382743797435e-11,1.008953037619746e-11,0.9104014975735162
9746.36648866224,264.0,0.08812629213266433,0.9118737078165303,5.080537010082896e-11,1.0669127721174081e-11,0.9118737078566665
9747.36648866224,265.0,0.08665408184893433,0.9133459180975003,5.356535745786049e-11,1.1248725066150704e-11,0.9133459181398169
9748.36648866224,266.0,0.08518187156520433,0.9148181283784703,5.632534481489202e-11,1.1828322411127323e-11,0.9148181284229674
9749.36648866224,267.0,0.08370966128147435,0.9162903386594404,5.908533217192356e-11,1.2407919756103948e-11,0.9162903387061179
9750.36648866224,268.0,0.08223745099774434,0.9177625489404103,6.184531952895508e-11,1.2987517101080568e-11,0.9177625489892681
9751.36648866224,269.0,0.08076524071401434,0.9192347592213803,6.46053068859866e-11,1.3567114446057187e-11,0.9192347592724185
9752.36648866224,270.0,0.07929303043028435,0.9207069695023503,6.736529424301814e-11,1.4146711791033807e-11,0.9207069695555689
9753.36648866224,271.0,0.07782082014655436,0.9221791797833204,7.012528160004968e-11,1.472630913601043e-11,0.9221791798387194
9754.36648866224,272.0,0.07634860986282437,0.9236513900642904,7.28852689570812e-11,1.5305906480987052e-11,0.9236513901218698
9755.36648866224,273.0,0.07494477427979711,0.9250552256439801,7.622277423366947e-11,1.6006782589070587e-11,0.9250552257041961
9756.36648866224,274.0,0.07365913102459405,0.9263408688948475,8.055857546725668e-11,1.6917300848123902e-11,0.9263408689584888
9757.36648866224,275.0,0.07237348776939097,0.9276265121457147,8.489437670084387e-11,1.7827819107177213e-11,0.9276265122127813
9758.36648866224,276.0,0.0710878445141879,0.9289121553965819,8.923017793443106e-11,1.873833736623052e-11,0.9289121554670737
9759.36648866224,277.0,0.06980220125898483,0.9301977986474492,9.356597916801825e-11,1.9648855625283832e-11,0.9301977987213663
9760.36648866224,278.0,0.06851655800378176,0.9314834418983164,9.790178040160545e-11,2.0559373884337143e-11,0.9314834419756588
9761.36648866224,279.0,0.06723091474857869,0.9327690851491838,1.0223758163519265e-10,2.1469892143390454e-11,0.9327690852299515
9762.36648866224,280.0,0.06594527149337562,0.934054728400051,1.0657338286877984e-10,2.2380410402443765e-11,0.934054728484244
9763.36648866224,281.0,0.06465962823817255,0.9353403716509183,1.1090918410236704e-10,2.3290928661497076e-11,0.9353403717385366
9764.36648866224,282.0,0.06337398498296948,0.9366260149017855,1.1524498533595423e-10,2.4201446920550387e-11,0.936626014992829
9765.36648866224,283.0,0.06215213718735576,0.9378478626921657,1.20478506501918e-10,2.5300486365402782e-11,0.9378478627873437
9766.36648866224,284.0,0.06104056605541998,0.9389594338173162,1.2726382398217924e-10,2.672540303625764e-11,0.9389594339178546
9767.36648866224,285.0,0.059928994923484205,0.9400710049424666,1.340491414624405e-10,2.8150319707112504e-11,0.9400710050483655
9768.36648866224,286.0,0.05881742379154843,0.9411825760676171,1.408344589427017e-10,2.957523637796736e-11,0.9411825761788764
9769.36648866224,287.0,0.05770585265961265,0.9422941471927676,1.4761977642296296e-10,3.100015304882222e-11,0.9422941473093872
9770.36648866224,288.0,0.05659428152767688,0.9434057183179181,1.5440509390322417e-10,3.2425069719677075e-11,0.9434057184398981
9771.36648866224,289.0,0.0554827103957411,0.9445172894430685,1.6119041138348543e-10,3.384998639053194e-11,0.9445172895704089
9772.36648866224,290.0,0.054371139263805324,0.9456288605682189,1.6797572886374664e-10,3.527490306138679e-11,0.9456288607009198
9773.36648866224,291.0,0.05325956813186955,0.9467404316933694,1.747610463440079e-10,3.6699819732241655e-11,0.9467404318314306
9774.36648866224,292.0,0.05214799699993377,0.9478520028185199,1.815463638242691e-10,3.812473640309651e-11,0.9478520029619415
9775.36648866224,293.0,0.051095114130750185,0.9489048856795282,1.8972160910884338e-10,3.984153791285711e-11,0.9489048858294084
9776.36648866224,294.0,0.05014367963822264,0.9498563201614779,2.0029947994074443e-10,4.206289078755633e-11,0.9498563203197145
9777.36648866224,295.0,0.04919224514569509,0.9508077546434276,2.1087735077264548e-10,4.4284243662255547e-11,0.9508077548100207
9778.36648866224,296.0,0.04824081065316754,0.9517591891253773,2.2145522160454653e-10,4.650559653695477e-11,0.9517591893003269
9779.36648866224,297.0,0.04728937616063999,0.952710623607327,2.3203309243644756e-10,4.8726949411653985e-11,0.9527106237906331
9780.36648866224,298.0,0.04633794166811244,0.9536620580892766,2.4261096326834863e-10,5.094830228635321e-11,0.9536620582809393
9781.36648866224,299.0,0.04538650717558489,0.9546134925712263,2.5318883410024966e-10,5.3169655161052424e-11,0.9546134927712455
9782.36648866224,300.0,0.044435072683057346,0.955564927053176,2.6376670493215073e-10,5.539100803575165e-11,0.9555649272615516
9783.36648866224,301.0,0.04348363819052979,0.9565163615351256,2.7434457576405176e-10,5.761236091045087e-11,0.9565163617518578
9784.36648866224,302.0,0.042532203698002244,0.9574677960170753,2.8492244659595283e-10,5.98337137851501e-11,0.957467796242164
9785.36648866224,303.0,0.04163402154501027,0.958365978157346,2.9764373436474944e-10,6.250518421659738e-11,0.9583659783924846
9786.36648866224,304.0,0.04082789124609738,0.9591721084398324,3.140701270139419e-10,6.59547266729278e-11,0.9591721086879478
9787.36648866224,305.0,0.040021760947184494,0.959978238722319,3.3049651966313447e-10,6.940426912925823e-11,0.9599782389834113
9788.36648866224,306.0,0.039215630648271604,0.9607843690048056,3.46922912312327e-10,7.285381158558867e-11,0.9607843692788747
9789.36648866224,307.0,0.03840950034935871,0.961590499287292,3.633493049615195e-10,7.630335404191909e-11,0.961590499574338
9790.36648866224,308.0,0.037603370050445825,0.9623966295697786,3.7977569761071204e-10,7.975289649824953e-11,0.9623966298698013
9791.36648866224,309.0,0.03679723975153293,0.963202759852265,3.962020902599046e-10,8.320243895457996e-11,0.9632027601652646
9792.36648866224,310.0,0.035991109452620046,0.9640088901347516,4.1262848290909713e-10,8.665198141091039e-11,0.964008890460728
9793.36648866224,311.0,0.03518497915370715,0.964815020417238,4.290548755582896e-10,9.010152386724081e-11,0.9648150207561913
9794.36648866224,312.0,0.03437884885479427,0.9656211506997245,4.454812682074821e-10,9.355106632357124e-11,0.9656211510516547
9795.36648866224,313.0,0.03362039225604672,0.9663796072787536,4.651997451332779e-10,9.769194647798835e-11,0.9663796076462614
9796.36648866224,314.0,0.0329443442900335,0.9670556552193577,4.906089102821421e-10,1.0302787115924984e-10,0.9670556556069387
9797.36648866224,315.0,0.03226829632402027,0.9677317031599617,5.160180754310064e-10,1.0836379584051135e-10,0.967731703567616
9798.36648866224,316.0,0.03159224835800705,0.9684077511005658,5.414272405798706e-10,1.1369972052177282e-10,0.9684077515282933
9799.36648866224,317.0,0.03091620039199383,0.9690837990411698,5.668364057287349e-10,1.1903564520303432e-10,0.9690837994889706
9800.36648866224,318.0,0.030240152425980608,0.9697598469817739,5.922455708775992e-10,1.2437156988429583e-10,0.9697598474496478
