x_abs_m,x_local_m,x_H2_molfrac,x_N2_molfrac,x_Air_molfrac,x_O2_molfrac,x_inert_molfrac
9502.367292426605,0.0,0.8144775069849707,0.18552249301502594,3.457333223900318e-15,7.260399770190668e-16,0.18552249301502866
9503.367292426605,1.0,0.8121786458228899,0.18782135417710655,3.5135589237546013e-15,7.378473739884663e-16,0.18782135417710932
9504.367292426605,2.0,0.8098797846608092,0.19012021533918724,3.569784623608886e-15,7.49654770957866e-16,0.19012021533919007
9505.367292426605,3.0,0.8075101377513905,0.19248986224860595,3.630007499613473e-15,7.623015749188293e-16,0.1924898622486088
9506.367292426605,4.0,0.805018553455886,0.19498144654411034,3.697116016157588e-15,7.763943633930935e-16,0.19498144654411326
9507.367292426605,5.0,0.8025269691603816,0.1974730308396147,3.7642245327017045e-15,7.904871518673579e-16,0.19747303083961767
9508.367292426605,6.0,0.800035384864877,0.19996461513511907,3.83133304924582e-15,8.045799403416222e-16,0.1999646151351221
9509.367292426605,7.0,0.7975438005693727,0.20245619943062343,3.898441565789935e-15,8.186727288158864e-16,0.2024561994306265
9510.367292426605,8.0,0.7950522162738682,0.20494778372612782,3.9655500823340516e-15,8.327655172901508e-16,0.20494778372613096
9511.367292426605,9.0,0.7925606319783638,0.20743936802163218,4.032658598878168e-15,8.468583057644152e-16,0.20743936802163537
9512.367292426605,10.0,0.7900690476828593,0.20993095231713657,4.099767115422284e-15,8.609510942386796e-16,0.20993095231713982
9513.367292426605,11.0,0.7875774633873549,0.21242253661264093,4.1668756319663995e-15,8.750438827129438e-16,0.21242253661264424
9514.367292426605,12.0,0.7850858790918503,0.21491412090814527,4.233984148510515e-15,8.891366711872081e-16,0.21491412090814863
9515.367292426605,13.0,0.7825249256890134,0.2174750743109823,4.306012317131837e-15,9.042625865976857e-16,0.21747507431098573
9516.367292426605,14.0,0.7798444752413426,0.22015552475865285,4.386515207534086e-15,9.211681935821579e-16,0.22015552475865632
9517.367292426605,15.0,0.7771640247936721,0.2228359752063235,4.467018097936336e-15,9.380738005666305e-16,0.22283597520632703
9518.367292426605,16.0,0.7744835743460015,0.22551642565399407,4.547520988338586e-15,9.54979407551103e-16,0.22551642565399765
9519.367292426605,17.0,0.7718031238983306,0.22819687610166461,4.628023878740835e-15,9.718850145355753e-16,0.22819687610166828
9520.367292426605,18.0,0.7691226734506601,0.23087732654933527,4.7085267691430854e-15,9.88790621520048e-16,0.23087732654933898
9521.367292426605,19.0,0.7664422230029893,0.2335577769970058,4.789029659545334e-15,1.0056962285045201e-15,0.23355777699700958
9522.367292426605,20.0,0.7637617725553187,0.23623822744467643,4.8695325499475845e-15,1.0226018354889927e-15,0.2362382274446803
9523.367292426605,21.0,0.7610813221076481,0.23891867789234703,4.950035440349835e-15,1.0395074424734654e-15,0.23891867789235094
9524.367292426605,22.0,0.7584008716599773,0.24159912834001757,5.030538330752084e-15,1.0564130494579376e-15,0.24159912834002154
9525.367292426605,23.0,0.755653740043647,0.2443462599563479,5.117192459570472e-15,1.074610416509799e-15,0.24434625995635195
9526.367292426605,24.0,0.752791741696184,0.2472082583038108,5.21444287311933e-15,1.0950330033550594e-15,0.2472082583038149
9527.367292426605,25.0,0.7499297433487211,0.2500702566512737,5.3116932866681895e-15,1.1154555902003198e-15,0.2500702566512779
9528.367292426605,26.0,0.747067745001258,0.25293225499873656,5.408943700217049e-15,1.1358781770455802e-15,0.25293225499874084
9529.367292426605,27.0,0.7442057466537951,0.25579425334619943,5.506194113765907e-15,1.1563007638908404e-15,0.25579425334620376
9530.367292426605,28.0,0.7413437483063321,0.2586562516936623,5.6034445273147666e-15,1.176723350736101e-15,0.25865625169366674
9531.367292426605,29.0,0.7384817499588692,0.2615182500411252,5.700694940863626e-15,1.1971459375813614e-15,0.2615182500411297
9532.367292426605,30.0,0.7356197516114061,0.2643802483885881,5.797945354412484e-15,1.2175685244266216e-15,0.2643802483885927
9533.367292426605,31.0,0.7327577532639432,0.267242246736051,5.8951957679613436e-15,1.237991111271882e-15,0.2672422467360557
9534.367292426605,32.0,0.7298957549164802,0.2701042450835138,5.992446181510202e-15,1.2584136981171424e-15,0.27010424508351855
9535.367292426605,33.0,0.726971083919084,0.2730289160809099,6.097561846674896e-15,1.280487987801728e-15,0.27302891608091473
9536.367292426605,34.0,0.7239384513701143,0.27606154862987947,6.216226400690903e-15,1.3054075441450896e-15,0.27606154862988436
9537.367292426605,35.0,0.7209058188211447,0.2790941811788491,6.334890954706911e-15,1.3303271004884512e-15,0.2790941811788541
9538.367292426605,36.0,0.7178731862721749,0.28212681372781867,6.453555508722918e-15,1.3552466568318126e-15,0.2821268137278238
9539.367292426605,37.0,0.7148405537232052,0.28515944627678824,6.572220062738925e-15,1.3801662131751742e-15,0.28515944627679346
9540.367292426605,38.0,0.7118079211742355,0.28819207882575787,6.6908846167549334e-15,1.405085769518536e-15,0.28819207882576314
9541.367292426605,39.0,0.7087752886252658,0.2912247113747275,6.809549170770941e-15,1.4300053258618976e-15,0.2912247113747329
9542.367292426605,40.0,0.705742656076296,0.294257343923697,6.9282137247869475e-15,1.454924882205259e-15,0.2942573439237025
9543.367292426605,41.0,0.7027100235273264,0.29728997647266664,7.046878278802955e-15,1.4798444385486206e-15,0.2972899764726722
9544.367292426605,42.0,0.6996773909783567,0.3003226090216362,7.165542832818962e-15,1.504763994891982e-15,0.3003226090216419
9545.367292426605,43.0,0.6965874247831738,0.30341257521681886,7.294617515512176e-15,1.531869678257557e-15,0.30341257521682463
9546.367292426605,44.0,0.6933986941443441,0.3066013058556486,7.441624959071096e-15,1.5627412414049301e-15,0.3066013058556545
9547.367292426605,45.0,0.6902099635055142,0.3097900364944782,7.588632402630013e-15,1.5936128045523027e-15,0.3097900364944842
9548.367292426605,46.0,0.6870212328666844,0.3129787671333079,7.73563984618893e-15,1.6244843676996754e-15,0.312978767133314
9549.367292426605,47.0,0.6838325022278545,0.3161674977721376,7.882647289747849e-15,1.6553559308470482e-15,0.3161674977721438
9550.367292426605,48.0,0.6806437715890247,0.3193562284109673,8.029654733306767e-15,1.686227493994421e-15,0.3193562284109736
9551.367292426605,49.0,0.6774550409501948,0.32254495904979696,8.176662176865686e-15,1.717099057141794e-15,0.3225449590498034
9552.367292426605,50.0,0.6742663103113651,0.32573368968862665,8.323669620424604e-15,1.7479706202891668e-15,0.3257336896886332
9553.367292426605,51.0,0.6710775796725352,0.32892242032745633,8.470677063983522e-15,1.7788421834365395e-15,0.32892242032746305
9554.367292426605,52.0,0.6678888490337054,0.332111150966286,8.61768450754244e-15,1.8097137465839125e-15,0.33211115096629285
9555.367292426605,53.0,0.6646494205374346,0.33535057946255664,8.779464507005015e-15,1.843687546471053e-15,0.3353505794625636
9556.367292426605,54.0,0.661322658581407,0.33867734141858397,8.966692098962346e-15,1.8830053407820927e-15,0.33867734141859107
9557.367292426605,55.0,0.6579958966253796,0.3420041033746113,9.153919690919676e-15,1.922323135093132e-15,0.3420041033746185
9558.367292426605,56.0,0.6546691346693521,0.3453308653306386,9.341147282877007e-15,1.9616409294041713e-15,0.345330865330646
9559.367292426605,57.0,0.6513423727133246,0.34865762728666594,9.528374874834337e-15,2.000958723715211e-15,0.3486576272866735
9560.367292426605,58.0,0.6480156107572971,0.35198438924269326,9.715602466791668e-15,2.0402765180262502e-15,0.3519843892427009
9561.367292426605,59.0,0.6446888488012695,0.35531115119872053,9.902830058748997e-15,2.079594312337289e-15,0.35531115119872836
9562.367292426605,60.0,0.6413620868452421,0.35863791315474786,1.0090057650706329e-14,2.118912106648329e-15,0.35863791315475585
9563.367292426605,61.0,0.6380353248892147,0.3619646751107752,1.027728524266366e-14,2.1582299009593684e-15,0.3619646751107833
9564.367292426605,62.0,0.6347085629331871,0.3652914370668025,1.046451283462099e-14,2.1975476952704077e-15,0.3652914370668108
9565.367292426605,63.0,0.6313389559387739,0.36866104406121547,1.0680692989738242e-14,2.2429455278450307e-15,0.3686610440612239
9566.367292426605,64.0,0.6278955429568002,0.372104457043189,1.0946747589994007e-14,2.2988169938987414e-15,0.37210445704319767
9567.367292426605,65.0,0.6244521299748265,0.3755478700251625,1.1212802190249767e-14,2.354688459952451e-15,0.37554787002517137
9568.367292426605,66.0,0.6210087169928526,0.3789912830071358,1.1478856790505524e-14,2.41055992600616e-15,0.37899128300714485
9569.367292426605,67.0,0.617565304010879,0.3824346959891094,1.1744911390761287e-14,2.4664313920598703e-15,0.38243469598911867
9570.367292426605,68.0,0.6141218910289051,0.38587810897108277,1.2010965991017044e-14,2.522302858113579e-15,0.38587810897109226
9571.367292426605,69.0,0.6106784780469314,0.38932152195305625,1.2277020591272806e-14,2.578174324167289e-15,0.38932152195306596
9572.367292426605,70.0,0.6072350650649577,0.39276493493502984,1.2543075191528569e-14,2.6340457902209992e-15,0.3927649349350398
9573.367292426605,71.0,0.6037916520829839,0.3962083479170032,1.2809129791784326e-14,2.6899172562747083e-15,0.3962083479170133
9574.367292426605,72.0,0.6003482391010102,0.39965176089897664,1.3075184392040086e-14,2.745788722328418e-15,0.39965176089898696
9575.367292426605,73.0,0.5968709247765761,0.40312907522341035,1.3439456010671394e-14,2.8222857622409924e-15,0.40312907522342095
9576.367292426605,74.0,0.5933352111099035,0.40666478889008245,1.3972918842791505e-14,2.934312956986216e-15,0.4066647888900935
9577.367292426605,75.0,0.5897994974432309,0.41020050255675455,1.4506381674911618e-14,3.0463401517314397e-15,0.410200502556766
9578.367292426605,76.0,0.5862637837765583,0.41373621622342666,1.5039844507031727e-14,3.1583673464766626e-15,0.41373621622343854
9579.367292426605,77.0,0.5827280701098857,0.4172719298900988,1.5573307339151843e-14,3.270394541221887e-15,0.41727192989011114
9580.367292426605,78.0,0.579192356443213,0.4208076435567708,1.610677017127195e-14,3.382421735967109e-15,0.4208076435567835
9581.367292426605,79.0,0.5756566427765404,0.4243433572234429,1.6640233003392062e-14,3.4944489307123327e-15,0.42434335722345606
9582.367292426605,80.0,0.5721209291098678,0.427879070890115,1.7173695835512175e-14,3.606476125457557e-15,0.42787907089012855
9583.367292426605,81.0,0.5685852154431952,0.4314147845567871,1.7707158667632284e-14,3.718503320202779e-15,0.4314147845568011
9584.367292426605,82.0,0.5650495017765226,0.43495049822345927,1.82406214997524e-14,3.830530514948004e-15,0.4349504982234737
9585.367292426605,83.0,0.561489750769701,0.4385102492302799,1.898689320844169e-14,3.987247573772755e-15,0.4385102492302949
9586.367292426605,84.0,0.5578885924098963,0.44211140759008355,2.009975507292514e-14,4.220948565314279e-15,0.4421114075900994
9587.367292426605,85.0,0.5542874340500915,0.4457125659498871,2.121261693740859e-14,4.454649556855804e-15,0.4457125659499039
9588.367292426605,86.0,0.5506862756902868,0.4493137243096907,2.232547880189204e-14,4.6883505483973285e-15,0.44931372430970834
9589.367292426605,87.0,0.5470851173304822,0.45291488266949426,2.343834066637549e-14,4.922051539938852e-15,0.4529148826695128
9590.367292426605,88.0,0.5434839589706775,0.4565160410292978,2.455120253085894e-14,5.155752531480377e-15,0.4565160410293172
9591.367292426605,89.0,0.5398828006108728,0.46011719938910156,2.5664064395342396e-14,5.389453523021903e-15,0.4601171993891218
9592.367292426605,90.0,0.5362816422510681,0.46371835774890513,2.6776926259825846e-14,5.623154514563428e-15,0.4637183577489263
9593.367292426605,91.0,0.5326804838912634,0.4673195161087087,2.7889788124309297e-14,5.856855506104952e-15,0.46731951610873074
9594.367292426605,92.0,0.5290793255314588,0.4709206744685123,2.900264998879275e-14,6.090556497646478e-15,0.47092067446853525
9595.367292426605,93.0,0.5254647035418359,0.4745352964581336,3.043161632391e-14,6.3906394280211e-15,0.4745352964581576
9596.367292426605,94.0,0.5218268887501454,0.47817311124982215,3.240511251607579e-14,6.805073628375915e-15,0.47817311124984774
9597.367292426605,95.0,0.5181890739584548,0.48181092604151077,3.437860870824157e-14,7.21950782873073e-15,0.4818109260415379
9598.367292426605,96.0,0.5145512591667644,0.48544874083319944,3.635210490040737e-14,7.633942029085548e-15,0.48544874083322814
9599.367292426605,97.0,0.5109134443750737,0.489086555624888,3.832560109257316e-14,8.048376229440363e-15,0.48908655562491826
9600.367292426605,98.0,0.5072756295833831,0.49272437041657663,4.029909728473894e-14,8.462810429795177e-15,0.4927243704166085
9601.367292426605,99.0,0.5036378147916926,0.4963621852082652,4.227259347690473e-14,8.877244630149992e-15,0.4963621852082986
9602.367292426605,100.0,0.500000000000002,0.4999999999999538,4.424608966907052e-14,9.29167883050481e-15,0.4999999999999888
9603.367292426605,101.0,0.4963621852083114,0.5036378147916425,4.62195858612363e-14,9.706113030859623e-15,0.503637814791679
9604.367292426605,102.0,0.4927243704166208,0.5072756295833311,4.81930820534021e-14,1.012054723121444e-14,0.5072756295833691
9605.367292426605,103.0,0.48908413150907665,0.5109158684908728,5.06660951660175e-14,1.0639879984863675e-14,0.5109158684909129
9606.367292426605,104.0,0.48543971675594405,0.514560283244002,5.399958923526218e-14,1.1339913739405057e-14,0.5145602832440447
9607.367292426605,105.0,0.48179530200281145,0.5182046979971313,5.733308330450685e-14,1.2039947493946438e-14,0.5182046979971766
9608.367292426605,106.0,0.47815088724967875,0.5218491127502607,6.066657737375152e-14,1.2739981248487818e-14,0.5218491127503087
9609.367292426605,107.0,0.47450647249654615,0.52549352750339,6.400007144299619e-14,1.3440015003029199e-14,0.5254935275034405
9610.367292426605,108.0,0.47086205774341344,0.5291379422565192,6.733356551224084e-14,1.4140048757570576e-14,0.5291379422565724
9611.367292426605,109.0,0.4672176429902808,0.5327823570096485,7.066705958148551e-14,1.4840082512111956e-14,0.5327823570097043
9612.367292426605,110.0,0.4635732282371482,0.5364267717627778,7.400055365073018e-14,1.554011626665334e-14,0.5364267717628363
9613.367292426605,111.0,0.45992881348401554,0.5400711865159071,7.733404771997484e-14,1.6240150021194714e-14,0.5400711865159682
9614.367292426605,112.0,0.45628439873088295,0.5437156012690364,8.066754178921952e-14,1.69401837757361e-14,0.5437156012691001
9615.367292426605,113.0,0.45264879678282033,0.5473512032170949,8.481176840630182e-14,1.781047136532338e-14,0.5473512032171618
9616.367292426605,114.0,0.44902837600405704,0.5509716239958526,9.03525841873825e-14,1.8974042679350324e-14,0.550971623995924
9617.367292426605,115.0,0.44540795522529375,0.5545920447746103,9.589339996846319e-14,2.0137613993377267e-14,0.554592044774686
9618.367292426605,116.0,0.4417875344465305,0.5582124655533681,1.0143421574954387e-13,2.1301185307404213e-14,0.5582124655534483
9619.367292426605,117.0,0.4381671136677672,0.5618328863321258,1.0697503153062456e-13,2.2464756621431156e-14,0.5618328863322103
9620.367292426605,118.0,0.43454669288900405,0.5654533071108836,1.1251584731170525e-13,2.3628327935458102e-14,0.5654533071109725
9621.367292426605,119.0,0.4309262721102407,0.5690737278896413,1.1805666309278593e-13,2.4791899249485042e-14,0.5690737278897345
9622.367292426605,120.0,0.42730585133147747,0.5726941486683991,1.2359747887386662e-13,2.595547056351199e-14,0.5726941486684967
9623.367292426605,121.0,0.42368543055271407,0.5763145694471566,1.2913829465494727e-13,2.7119041877538925e-14,0.5763145694472587
9624.367292426605,122.0,0.4200650097739509,0.5799349902259144,1.34679110436028e-13,2.8282613191565878e-14,0.5799349902260208
9625.367292426605,123.0,0.4164645537428722,0.5835354462569863,1.4154246240738296e-13,2.972391710555042e-14,0.5835354462570981
9626.367292426605,124.0,0.41289848951011543,0.5871015104897339,1.5068404992911668e-13,3.1643650485114504e-14,0.5871015104898529
9627.367292426605,125.0,0.40933242527735864,0.5906675747224815,1.598256374508504e-13,3.356338386467858e-14,0.5906675747226078
9628.367292426605,126.0,0.4057663610446018,0.5942336389552292,1.689672249725841e-13,3.5483117244242656e-14,0.5942336389553626
9629.367292426605,127.0,0.402200296811845,0.5977997031879769,1.781088124943178e-13,3.740285062380674e-14,0.5977997031881176
9630.367292426605,128.0,0.3986342325790882,0.6013657674207246,1.8725040001605153e-13,3.932258400337082e-14,0.6013657674208724
9631.367292426605,129.0,0.3950681683463314,0.6049318316534722,1.9639198753778522e-13,4.1242317382934896e-14,0.6049318316536273
9632.367292426605,130.0,0.39150210411357467,0.6084978958862199,2.0553357505951894e-13,4.316205076249898e-14,0.6084978958863824
9633.367292426605,131.0,0.3879360398808178,0.6120639601189675,2.1467516258125266e-13,4.5081784142063054e-14,0.6120639601191371
9634.367292426605,132.0,0.384369975648061,0.6156300243517152,2.2381675010298635e-13,4.700151752162713e-14,0.6156300243518921
9635.367292426605,133.0,0.3808346584032314,0.6191653415965335,2.35114999325371e-13,4.937414985832791e-14,0.6191653415967192
9636.367292426605,134.0,0.3773523067267377,0.6226476932730122,2.5012837059333396e-13,5.252695782460013e-14,0.6226476932732098
9637.367292426605,135.0,0.37386995505024406,0.6261300449494909,2.651417418612969e-13,5.567976579087235e-14,0.6261300449497004
9638.367292426605,136.0,0.37038760337375043,0.6296123966259696,2.8015511312925993e-13,5.883257375714458e-14,0.6296123966261908
9639.367292426605,137.0,0.3669052516972567,0.6330947483024482,2.951684843972229e-13,6.19853817234168e-14,0.6330947483026813
9640.367292426605,138.0,0.36342290002076305,0.6365770999789269,3.101818556651858e-13,6.513818968968902e-14,0.6365770999791719
9641.367292426605,139.0,0.3599405483442693,0.6400594516554055,3.2519522693314875e-13,6.829099765596124e-14,0.6400594516556624
9642.367292426605,140.0,0.3564581966677757,0.6435418033318842,3.4020859820111175e-13,7.144380562223346e-14,0.6435418033321529
9643.367292426605,141.0,0.352975844991282,0.6470241550083629,3.552219694690747e-13,7.459661358850569e-14,0.6470241550086435
9644.367292426605,142.0,0.34949349331478835,0.6505065066848416,3.7023534073703767e-13,7.774942155477791e-14,0.650506506685134
9645.367292426605,143.0,0.3460520262442709,0.6539479737553403,3.8875585054101407e-13,8.163872861361295e-14,0.6539479737556474
9646.367292426605,144.0,0.34268098806899533,0.6573190119305915,4.1331784922945896e-13,8.679674833818639e-14,0.657319011930918
9647.367292426605,145.0,0.3393099498937197,0.6606900501058425,4.3787984791790376e-13,9.195476806275978e-14,0.6606900501061884
9648.367292426605,146.0,0.3359389117184441,0.6640610882810934,4.624418466063485e-13,9.711278778733319e-14,0.6640610882814588
9649.367292426605,147.0,0.3325678735431685,0.6674321264563445,4.870038452947934e-13,1.022708075119066e-13,0.6674321264567292
9650.367292426605,148.0,0.3291968353678929,0.6708031646315956,5.115658439832381e-13,1.0742882723648e-13,0.6708031646319997
9651.367292426605,149.0,0.3258257971926173,0.6741742028068466,5.361278426716829e-13,1.1258684696105339e-13,0.6741742028072701
9652.367292426605,150.0,0.3224547590173417,0.6775452409820977,5.606898413601278e-13,1.1774486668562684e-13,0.6775452409825407
9653.367292426605,151.0,0.3190837208420661,0.6809162791573486,5.852518400485725e-13,1.229028864102002e-13,0.6809162791578109
9654.367292426605,152.0,0.31571268266679053,0.6842873173325997,6.098138387370173e-13,1.2806090613477363e-13,0.6842873173330815
9655.367292426605,153.0,0.31239176889690895,0.687608231102451,6.400597765233381e-13,1.34412553069901e-13,0.6876082311029565
9656.367292426605,154.0,0.30915720074323827,0.6908427992560817,6.800970169705587e-13,1.428203735638173e-13,0.690842799256619
9657.367292426605,155.0,0.3059226325895676,0.6940773674097124,7.201342574177792e-13,1.5122819405773362e-13,0.6940773674102813
9658.367292426605,156.0,0.3026880644358968,0.697311935563343,7.601714978649995e-13,1.596360145516499e-13,0.6973119355639436
9659.367292426605,157.0,0.29945349628222606,0.7005465037169737,8.0020873831222e-13,1.680438350455662e-13,0.7005465037176059
9660.367292426605,158.0,0.2962189281285554,0.7037810718706045,8.402459787594406e-13,1.7645165553948252e-13,0.7037810718712683
9661.367292426605,159.0,0.2929843599748847,0.7070156400242351,8.802832192066613e-13,1.8485947603339886e-13,0.7070156400249306
9662.367292426605,160.0,0.28974979182121396,0.7102502081778658,9.203204596538817e-13,1.9326729652731515e-13,0.7102502081785929
9663.367292426605,161.0,0.2865152236675432,0.7134847763314964,9.60357700101102e-13,2.0167511702123143e-13,0.7134847763322552
9664.367292426605,162.0,0.28328065551387255,0.7167193444851272,1.0003949405483227e-12,2.1008293751514775e-13,0.7167193444859175
9665.367292426605,163.0,0.28010433324025724,0.7198956667586931,1.049611015096825e-12,2.2041831317033325e-13,0.7198956667595223
9666.367292426605,164.0,0.277028346848247,0.7229716531506384,1.1146387901601037e-12,2.3407414593362176e-13,0.7229716531515189
9667.367292426605,165.0,0.2739523604562367,0.7260476395425837,1.179666565223382e-12,2.4772997869691026e-13,0.7260476395435156
9668.367292426605,166.0,0.2708763740642264,0.7291236259345288,1.2446943402866603e-12,2.6138581146019865e-13,0.7291236259355122
9669.367292426605,167.0,0.2678003876722161,0.7321996123264742,1.3097221153499387e-12,2.7504164422348714e-13,0.732199612327509
9670.367292426605,168.0,0.2647244012802058,0.7352755987184195,1.3747498904132171e-12,2.886974769867756e-13,0.7352755987195055
9671.367292426605,169.0,0.2616484148881955,0.7383515851103647,1.4397776654764955e-12,3.0235330975006407e-13,0.7383515851115021
9672.367292426605,170.0,0.25857242849618517,0.74142757150231,1.5048054405397738e-12,3.1600914251335246e-13,0.7414275715034988
9673.367292426605,171.0,0.2554964421041749,0.7445035578942553,1.5698332156030522e-12,3.2966497527664095e-13,0.7445035578954954
9674.367292426605,172.0,0.2524204557121646,0.7475795442862005,1.6348609906663306e-12,3.433208080399294e-13,0.7475795442874921
9675.367292426605,173.0,0.24940953986632228,0.7505904601319631,1.7146569983057168e-12,3.600779696442005e-13,0.7505904601333176
9676.367292426605,174.0,0.2465107162510387,0.7534892837471414,1.8198931509623613e-12,3.8217756170209585e-13,0.7534892837485792
9677.367292426605,175.0,0.24361189263575514,0.7563881073623198,1.9251293036190055e-12,4.0427715375999117e-13,0.7563881073638407
9678.367292426605,176.0,0.24071306902047157,0.7592869309774981,2.03036545627565e-12,4.2637674581788644e-13,0.759286930979102
9679.367292426605,177.0,0.237814245405188,0.7621857545926765,2.135601608932294e-12,4.4847633787578176e-13,0.7621857545943636
9680.367292426605,178.0,0.23491542178990443,0.7650845782078548,2.2408377615889384e-12,4.70575929933677e-13,0.765084578209625
9681.367292426605,179.0,0.23201659817462086,0.7679834018230332,2.3460739142455827e-12,4.926755219915723e-13,0.7679834018248866
9682.367292426605,180.0,0.22911777455933724,0.7708822254382113,2.4513100669022266e-12,5.147751140494676e-13,0.7708822254401478
9683.367292426605,181.0,0.22621895094405367,0.7737810490533896,2.556546219558871e-12,5.368747061073628e-13,0.7737810490554093
9684.367292426605,182.0,0.2233201273287701,0.776679872668568,2.661782372215515e-12,5.589742981652581e-13,0.7766798726706707
9685.367292426605,183.0,0.2204917727710523,0.7795082272261571,2.790691656902985e-12,5.860452479496268e-13,0.7795082272283618
9686.367292426605,184.0,0.217784810061307,0.7822151899357327,2.960380900111097e-12,6.216799890233304e-13,0.7822151899380714
9687.367292426605,185.0,0.21507784735156169,0.7849221526453083,3.1300701433192094e-12,6.57314730097034e-13,0.7849221526477811
9688.367292426605,186.0,0.2123708846418163,0.7876291153548838,3.2997593865273205e-12,6.929494711707373e-13,0.7876291153574906
9689.367292426605,187.0,0.20966392193207098,0.7903360780644594,3.469448629735433e-12,7.285842122444409e-13,0.7903360780672003
9690.367292426605,188.0,0.2069569592223257,0.7930430407740352,3.6391378729435456e-12,7.642189533181445e-13,0.7930430407769101
9691.367292426605,189.0,0.2042499965125804,0.7957500034836108,3.808827116151658e-12,7.998536943918481e-13,0.7957500034866197
9692.367292426605,190.0,0.2015430338028351,0.7984569661931864,3.97851635935977e-12,8.354884354655517e-13,0.7984569661963294
9693.367292426605,191.0,0.19883607109308976,0.8011639289027621,4.1482056025678825e-12,8.711231765392553e-13,0.8011639289060392
9694.367292426605,192.0,0.19612910838334444,0.8038708916123377,4.317894845775995e-12,9.067579176129588e-13,0.8038708916157489
9695.367292426605,193.0,0.19349651134518697,0.8065034886502874,4.5253896454273276e-12,9.503318255397387e-13,0.8065034886538625
9696.367292426605,194.0,0.1909920185645806,0.8090079814306215,4.7980092887874255e-12,1.0075819506453594e-12,0.8090079814344119
9697.367292426605,195.0,0.18848752578397412,0.8115124742109553,5.070628932147522e-12,1.0648320757509796e-12,0.8115124742149611
9698.367292426605,196.0,0.18598303300336766,0.8140169669912891,5.343248575507619e-12,1.1220822008566e-12,0.8140169669955103
9699.367292426605,197.0,0.18347854022276122,0.8165214597716229,5.615868218867715e-12,1.1793323259622202e-12,0.8165214597760595
9700.367292426605,198.0,0.18097404744215478,0.8190259525519568,5.8884878622278124e-12,1.2365824510678405e-12,0.8190259525566087
9701.367292426605,199.0,0.17846955466154832,0.8215304453322906,6.1611075055879095e-12,1.293832576173461e-12,0.8215304453371579
9702.367292426605,200.0,0.17596506188094185,0.8240349381126244,6.433727148948006e-12,1.3510827012790812e-12,0.824034938117707
